,Año,Trimestre,Ingresos en millones de pesos
0,2023,4,167376.0148
1,2023,3,133106.59341
2,2023,2,118060.28028
3,2023,1,104134.99281
4,2022,4,72443.4829891497
5,2022,3,64086.7843305304
6,2022,2,60419.5006232803
7,2022,1,55219.3130146503
8,2021,4,45467.88716501248
9,2021,3,42999.94429282247
10,2021,2,38239.66663354247
11,2021,1,36676.37136239245
12,2020,4,33539.70271631177
13,2020,3,31997.444530699246
14,2020,2,32102.475991463634
15,2020,1,29946.21645204913
16,2019,4,24169.250699015298
17,2019,3,21652.748444642508
18,2019,2,20743.117694006098
19,2019,1,20207.413770852432
20,2018,4,16637.686589009605
21,2018,3,15410.980692582969
22,2018,2,14319.467460713817
23,2018,1,13171.459230893355
24,2017,4,11226.12738858
25,2017,3,10065.997862150001
26,2017,2,9678.64692829
27,2017,1,8701.20142137
28,2016,4,7483.980393279006
29,2016,3,6912.441538856647
30,2016,2,6534.240597500004
31,2016,1,5936.844886499999
32,2015,4,5376.899206
33,2015,3,5153.73888436
34,2015,2,4701.790719660001
35,2015,1,4876.3853150700015
36,2014,4,3950.4407803699996
37,2014,3,3478.637742799621
38,2014,2,3270.8162039100002
39,2014,1,2984.0542087800004
