,Año,Trimestre,Provincia,ADSL,Cablemodem,Fibra óptica,Wireless,Otros,BAF,Dial,Total,mayoria
0,2023,4,Buenos Aires,223391.0,2797700.0,1784593.0,137993.0,67943.0,5005720.0,5900.0,10023240.0,BAF
1,2023,4,Capital Federal,58700.0,1198835.0,182520.0,4492.0,29820.0,1472317.0,2050.0,2948734.0,BAF
2,2023,4,Catamarca,6669.0,11016.0,55437.0,1384.0,81.0,74586.0,1.0,149174.0,BAF
3,2023,4,Chaco,14000.0,60277.0,62301.0,8404.0,2404.0,147381.0,5.0,294772.0,BAF
4,2023,4,Chubut,26306.0,77217.0,26174.0,30543.0,9930.0,169313.0,857.0,340340.0,BAF
5,2023,4,Córdoba,115662.0,452380.0,440536.0,61862.0,8862.0,1079239.0,63.0,2158604.0,BAF
6,2023,4,Corrientes,21769.0,86102.0,35968.0,10402.0,5231.0,159469.0,3.0,318944.0,BAF
7,2023,4,Entre Ríos,41794.0,159575.0,61667.0,24036.0,11565.0,298617.0,20.0,597274.0,BAF
8,2023,4,Formosa,10252.0,18325.0,16179.0,17061.0,185.0,62002.0,0.0,124004.0,BAF
9,2023,4,Jujuy,11669.0,51083.0,49947.0,4105.0,1216.0,118020.0,0.0,236040.0,BAF
10,2023,4,La Pampa,6844.0,59063.0,34331.0,19982.0,1106.0,121164.0,162.0,242652.0,BAF
11,2023,4,La Rioja,3296.0,55441.0,22559.0,6395.0,30.0,87717.0,4.0,175442.0,BAF
12,2023,4,Mendoza,17676.0,70920.0,182220.0,27609.0,926.0,298621.0,730.0,598702.0,BAF
13,2023,4,Misiones,25840.0,79000.0,75382.0,12928.0,7183.0,200333.0,0.0,400666.0,BAF
14,2023,4,Neuquén,24122.0,73784.0,41583.0,24390.0,748.0,164188.0,439.0,329254.0,BAF
15,2023,4,Río Negro,21192.0,49789.0,64323.0,17284.0,15829.0,167902.0,515.0,336834.0,BAF
16,2023,4,Salta,26765.0,98853.0,60800.0,11806.0,6508.0,204727.0,5.0,409464.0,BAF
17,2023,4,San Juan,12669.0,18543.0,42691.0,22351.0,6956.0,102963.0,247.0,206420.0,BAF
18,2023,4,San Luis,4037.0,41260.0,30135.0,78954.0,299.0,154520.0,165.0,309370.0,BAF
19,2023,4,Santa Cruz,7768.0,15669.0,55246.0,7687.0,661.0,86844.0,187.0,174062.0,BAF
20,2023,4,Santa Fe,97004.0,398670.0,355762.0,44521.0,13544.0,909395.0,106.0,1819002.0,BAF
21,2023,4,Santiago Del Estero,8290.0,80692.0,24271.0,7057.0,2920.0,123228.0,2.0,246460.0,BAF
22,2023,4,Tierra Del Fuego,9357.0,48071.0,3682.0,157.0,332.0,61294.0,305.0,123198.0,BAF
23,2023,4,Tucumán,41318.0,20267.0,199876.0,4357.0,517.0,266308.0,27.0,532670.0,BAF
24,2023,3,Buenos Aires,237705.0,2784175.0,1740239.0,137921.0,68197.0,4962337.0,5900.0,9936474.0,BAF
25,2023,3,Capital Federal,60765.0,1205339.0,167428.0,4629.0,29823.0,1465934.0,2050.0,2935968.0,BAF
26,2023,3,Catamarca,7164.0,11066.0,54650.0,1384.0,91.0,74354.0,1.0,148710.0,BAF
27,2023,3,Chaco,16420.0,60058.0,54993.0,8267.0,2408.0,142141.0,5.0,284292.0,BAF
28,2023,3,Chubut,26352.0,75460.0,25827.0,30521.0,9908.0,167211.0,857.0,336136.0,BAF
29,2023,3,Córdoba,125050.0,453994.0,417338.0,62514.0,10438.0,1069271.0,63.0,2138668.0,BAF
30,2023,3,Corrientes,24253.0,83897.0,36032.0,10407.0,5240.0,159826.0,3.0,319658.0,BAF
31,2023,3,Entre Ríos,45384.0,157464.0,54794.0,24481.0,11170.0,293273.0,20.0,586586.0,BAF
32,2023,3,Formosa,11230.0,18053.0,14904.0,16899.0,228.0,61314.0,0.0,122628.0,BAF
33,2023,3,Jujuy,12627.0,51082.0,48350.0,4067.0,1251.0,117377.0,0.0,234754.0,BAF
34,2023,3,La Pampa,6844.0,59063.0,32891.0,20014.0,1109.0,119759.0,162.0,239842.0,BAF
35,2023,3,La Rioja,3726.0,55494.0,22054.0,6395.0,32.0,87697.0,4.0,175402.0,BAF
36,2023,3,Mendoza,17677.0,73066.0,178719.0,27609.0,951.0,297292.0,730.0,596044.0,BAF
37,2023,3,Misiones,27934.0,79087.0,70003.0,12928.0,7183.0,197135.0,0.0,394270.0,BAF
38,2023,3,Neuquén,24527.0,73329.0,39243.0,24085.0,3089.0,163834.0,439.0,328546.0,BAF
39,2023,3,Río Negro,22422.0,50429.0,56668.0,16864.0,17102.0,162970.0,515.0,326970.0,BAF
40,2023,3,Salta,29113.0,98324.0,59914.0,12337.0,6545.0,206228.0,5.0,412466.0,BAF
41,2023,3,San Juan,12669.0,19376.0,42383.0,22317.0,6985.0,103483.0,247.0,207460.0,BAF
42,2023,3,San Luis,4037.0,41624.0,24525.0,78431.0,299.0,148751.0,165.0,297832.0,BAF
43,2023,3,Santa Cruz,8376.0,23931.0,11270.0,3660.0,750.0,47800.0,187.0,95974.0,BAF
44,2023,3,Santa Fe,108503.0,397854.0,336013.0,44545.0,13437.0,900246.0,106.0,1800704.0,BAF
45,2023,3,Santiago Del Estero,9412.0,80919.0,21745.0,6916.0,2936.0,121926.0,2.0,243856.0,BAF
46,2023,3,Tierra Del Fuego,9357.0,45203.0,3682.0,157.0,332.0,58426.0,305.0,117462.0,BAF
47,2023,3,Tucumán,46348.0,20545.0,195053.0,4088.0,523.0,266530.0,27.0,533114.0,BAF
48,2023,2,Buenos Aires,265537.0,2766463.0,1645945.0,138405.0,69138.0,4879442.0,6046.0,9770976.0,BAF
49,2023,2,Capital Federal,68348.0,1218631.0,136295.0,4504.0,29900.0,1455578.0,2100.0,2915356.0,BAF
50,2023,2,Catamarca,7637.0,10700.0,53177.0,1384.0,92.0,72989.0,1.0,145980.0,BAF
51,2023,2,Chaco,19115.0,59944.0,51955.0,8267.0,2574.0,141850.0,5.0,283710.0,BAF
52,2023,2,Chubut,33702.0,73689.0,16111.0,30521.0,9938.0,163078.0,883.0,327922.0,BAF
53,2023,2,Córdoba,129303.0,453924.0,411703.0,62391.0,10430.0,1067686.0,65.0,2135502.0,BAF
54,2023,2,Corrientes,26821.0,82977.0,32834.0,10407.0,5255.0,158290.0,4.0,316588.0,BAF
55,2023,2,Entre Ríos,46503.0,142562.0,49251.0,24461.0,11170.0,273927.0,20.0,547894.0,BAF
56,2023,2,Formosa,11934.0,17678.0,13698.0,16813.0,227.0,60350.0,0.0,120700.0,BAF
57,2023,2,Jujuy,13749.0,51082.0,47289.0,4067.0,1255.0,117442.0,0.0,234884.0,BAF
58,2023,2,La Pampa,7254.0,59101.0,31449.0,19993.0,1113.0,118744.0,166.0,237820.0,BAF
59,2023,2,La Rioja,4152.0,55148.0,21245.0,6395.0,32.0,86968.0,4.0,173944.0,BAF
60,2023,2,Mendoza,25299.0,71931.0,171857.0,27609.0,980.0,296921.0,755.0,595352.0,BAF
61,2023,2,Misiones,28897.0,82058.0,64406.0,12927.0,7183.0,195471.0,0.0,390942.0,BAF
62,2023,2,Neuquén,26379.0,73040.0,35171.0,24046.0,3110.0,161289.0,457.0,323492.0,BAF
63,2023,2,Río Negro,26390.0,49684.0,53325.0,16864.0,17116.0,162848.0,531.0,326758.0,BAF
64,2023,2,Salta,30666.0,97501.0,58275.0,12337.0,6549.0,205323.0,5.0,410656.0,BAF
65,2023,2,San Juan,21483.0,20200.0,25217.0,23545.0,7004.0,97189.0,260.0,194898.0,BAF
66,2023,2,San Luis,4937.0,41949.0,15595.0,77960.0,307.0,140575.0,173.0,281496.0,BAF
67,2023,2,Santa Cruz,9019.0,23896.0,11269.0,3660.0,758.0,48410.0,192.0,97204.0,BAF
68,2023,2,Santa Fe,126344.0,399669.0,311166.0,44134.0,14501.0,895706.0,108.0,1791628.0,BAF
69,2023,2,Santiago Del Estero,10629.0,80086.0,17244.0,6916.0,2934.0,117807.0,2.0,235618.0,BAF
70,2023,2,Tierra Del Fuego,12392.0,45224.0,525.0,157.0,337.0,58325.0,310.0,117270.0,BAF
71,2023,2,Tucumán,50019.0,20012.0,188986.0,4060.0,525.0,263573.0,29.0,527204.0,BAF
72,2023,1,Buenos Aires,304583.0,2761043.0,1551074.0,132458.0,71770.0,4814729.0,6199.0,9641856.0,BAF
73,2023,1,Capital Federal,132149.0,1223930.0,156222.0,4605.0,31823.0,1546584.0,2145.0,3097458.0,BAF
74,2023,1,Catamarca,6980.0,10655.0,50230.0,1384.0,2243.0,71491.0,1.0,142984.0,BAF
75,2023,1,Chaco,21243.0,60727.0,49756.0,8142.0,2574.0,142437.0,5.0,284884.0,BAF
76,2023,1,Chubut,45448.0,73525.0,9815.0,30521.0,10744.0,169149.0,904.0,340106.0,BAF
77,2023,1,Córdoba,136976.0,455139.0,386297.0,61066.0,10494.0,1049904.0,68.0,2099944.0,BAF
78,2023,1,Corrientes,29577.0,81116.0,30016.0,11071.0,5240.0,157016.0,4.0,314040.0,BAF
79,2023,1,Entre Ríos,51084.0,141699.0,44508.0,26415.0,11172.0,274856.0,22.0,549756.0,BAF
80,2023,1,Formosa,12502.0,17421.0,13345.0,17490.0,227.0,60985.0,0.0,121970.0,BAF
81,2023,1,Jujuy,15306.0,51082.0,46271.0,4067.0,1255.0,117981.0,0.0,235962.0,BAF
82,2023,1,La Pampa,7049.0,59944.0,28126.0,20103.0,1282.0,116333.0,171.0,233008.0,BAF
83,2023,1,La Rioja,4652.0,54604.0,20722.0,6395.0,32.0,86401.0,4.0,172810.0,BAF
84,2023,1,Mendoza,37646.0,73678.0,152534.0,27592.0,1569.0,292242.0,777.0,586038.0,BAF
85,2023,1,Misiones,30455.0,82834.0,56619.0,12896.0,7881.0,190685.0,0.0,381370.0,BAF
86,2023,1,Neuquén,28030.0,72639.0,32296.0,23937.0,3510.0,159944.0,468.0,320824.0,BAF
87,2023,1,Río Negro,33604.0,49128.0,45329.0,16857.0,19413.0,163783.0,548.0,328662.0,BAF
88,2023,1,Salta,33427.0,96922.0,56259.0,12269.0,6549.0,205421.0,5.0,410852.0,BAF
89,2023,1,San Juan,38568.0,21215.0,12798.0,21912.0,7274.0,101486.0,281.0,203534.0,BAF
90,2023,1,San Luis,6283.0,42789.0,6952.0,78954.0,485.0,135281.0,182.0,270926.0,BAF
91,2023,1,Santa Cruz,9702.0,23839.0,12217.0,3660.0,943.0,50163.0,198.0,100722.0,BAF
92,2023,1,Santa Fe,138935.0,405618.0,283988.0,43487.0,14246.0,886164.0,110.0,1772548.0,BAF
93,2023,1,Santiago Del Estero,11642.0,80407.0,16656.0,6916.0,2934.0,118553.0,2.0,237110.0,BAF
94,2023,1,Tierra Del Fuego,12754.0,43146.0,405.0,157.0,651.0,56801.0,312.0,114226.0,BAF
95,2023,1,Tucumán,55822.0,19482.0,180976.0,4293.0,527.0,261070.0,30.0,522200.0,BAF
96,2022,4,Buenos Aires,325908.0,2767247.0,1499149.0,129910.0,72451.0,4788466.0,6199.0,9589330.0,BAF
97,2022,4,Capital Federal,138753.0,1238196.0,138548.0,4603.0,31826.0,1549781.0,2145.0,3103852.0,BAF
98,2022,4,Catamarca,8952.0,10998.0,47337.0,1379.0,2243.0,70908.0,1.0,141818.0,BAF
99,2022,4,Chaco,24582.0,61265.0,47285.0,7957.0,2574.0,143658.0,5.0,287326.0,BAF
100,2022,4,Chubut,45450.0,73923.0,9815.0,30721.0,8850.0,167855.0,904.0,337518.0,BAF
101,2022,4,Córdoba,152265.0,456947.0,367393.0,61631.0,11424.0,1049592.0,68.0,2099320.0,BAF
102,2022,4,Corrientes,34038.0,80283.0,26752.0,9082.0,5298.0,155449.0,4.0,310906.0,BAF
103,2022,4,Entre Ríos,55507.0,135746.0,40798.0,26414.0,12509.0,270952.0,22.0,541948.0,BAF
104,2022,4,Formosa,13735.0,17068.0,13118.0,17692.0,227.0,61840.0,0.0,123680.0,BAF
105,2022,4,Jujuy,17880.0,52390.0,42626.0,4067.0,1255.0,118218.0,0.0,236436.0,BAF
106,2022,4,La Pampa,7785.0,60566.0,24552.0,19995.0,1266.0,113993.0,171.0,228328.0,BAF
107,2022,4,La Rioja,6120.0,54387.0,19328.0,6395.0,32.0,86258.0,4.0,172524.0,BAF
108,2022,4,Mendoza,37655.0,77814.0,147080.0,27607.0,1948.0,291327.0,777.0,584208.0,BAF
109,2022,4,Misiones,33204.0,87202.0,46885.0,11075.0,7903.0,186269.0,0.0,372538.0,BAF
110,2022,4,Neuquén,28609.0,72679.0,31567.0,23815.0,3510.0,159712.0,468.0,320360.0,BAF
111,2022,4,Río Negro,34043.0,48401.0,43958.0,16277.0,19413.0,161544.0,548.0,324184.0,BAF
112,2022,4,Salta,36939.0,97023.0,53470.0,11884.0,6544.0,205855.0,5.0,411720.0,BAF
113,2022,4,San Juan,38570.0,22913.0,12491.0,21912.0,7940.0,103545.0,281.0,207652.0,BAF
114,2022,4,San Luis,6283.0,43460.0,3409.0,81557.0,511.0,135028.0,192.0,270440.0,BAF
115,2022,4,Santa Cruz,9702.0,23876.0,12217.0,3746.0,662.0,50005.0,198.0,100406.0,BAF
116,2022,4,Santa Fe,163621.0,412157.0,248558.0,44113.0,19242.0,887581.0,110.0,1775382.0,BAF
117,2022,4,Santiago Del Estero,13577.0,80955.0,15117.0,6911.0,2934.0,119492.0,2.0,238988.0,BAF
118,2022,4,Tierra Del Fuego,12754.0,41293.0,405.0,157.0,651.0,54948.0,312.0,110520.0,BAF
119,2022,4,Tucumán,69441.0,20668.0,168717.0,4069.0,527.0,263392.0,30.0,526844.0,BAF
120,2022,3,Buenos Aires,339648.0,2748325.0,1436433.0,126846.0,70416.0,4715469.0,6199.0,9443336.0,BAF
121,2022,3,Capital Federal,140791.0,1240125.0,129218.0,5758.0,31787.0,1545534.0,2145.0,3095358.0,BAF
122,2022,3,Catamarca,10010.0,10495.0,46224.0,1329.0,2235.0,70292.0,1.0,140586.0,BAF
123,2022,3,Chaco,27164.0,61800.0,44645.0,8178.0,2359.0,144141.0,5.0,288292.0,BAF
124,2022,3,Chubut,45377.0,72212.0,9574.0,29784.0,8831.0,164874.0,904.0,331556.0,BAF
125,2022,3,Córdoba,163770.0,465461.0,338570.0,61070.0,9797.0,1038600.0,68.0,2077336.0,BAF
126,2022,3,Corrientes,36508.0,77140.0,18619.0,7256.0,5323.0,144842.0,4.0,289692.0,BAF
127,2022,3,Entre Ríos,60345.0,132952.0,36971.0,26098.0,12593.0,268937.0,22.0,537918.0,BAF
128,2022,3,Formosa,14470.0,25880.0,11041.0,16935.0,212.0,68537.0,1.0,137076.0,BAF
129,2022,3,Jujuy,19257.0,52978.0,40172.0,4033.0,2383.0,118823.0,0.0,237646.0,BAF
130,2022,3,La Pampa,7796.0,60078.0,23551.0,20216.0,4451.0,115921.0,171.0,232184.0,BAF
131,2022,3,La Rioja,6842.0,53899.0,19697.0,6395.0,31.0,86860.0,4.0,173728.0,BAF
132,2022,3,Mendoza,37659.0,78858.0,142615.0,27625.0,2766.0,288746.0,777.0,579046.0,BAF
133,2022,3,Misiones,35513.0,88902.0,39046.0,11074.0,7622.0,182157.0,0.0,364314.0,BAF
134,2022,3,Neuquén,29352.0,75815.0,29396.0,27482.0,1116.0,162693.0,468.0,326322.0,BAF
135,2022,3,Río Negro,35552.0,48260.0,41017.0,16760.0,18969.0,160010.0,548.0,321116.0,BAF
136,2022,3,Salta,40006.0,96984.0,50254.0,10082.0,7215.0,204536.0,5.0,409082.0,BAF
137,2022,3,San Juan,38570.0,22723.0,12328.0,21860.0,7918.0,103118.0,281.0,206798.0,BAF
138,2022,3,San Luis,6860.0,29363.0,248.0,70614.0,14985.0,121888.0,182.0,244140.0,BAF
139,2022,3,Santa Cruz,10170.0,24047.0,10815.0,3896.0,582.0,49312.0,198.0,99020.0,BAF
140,2022,3,Santa Fe,183740.0,426255.0,215189.0,43079.0,19547.0,887700.0,110.0,1775620.0,BAF
141,2022,3,Santiago Del Estero,15385.0,80937.0,13170.0,6618.0,2922.0,119030.0,2.0,238064.0,BAF
142,2022,3,Tierra Del Fuego,12754.0,39963.0,403.0,125.0,651.0,53584.0,312.0,107792.0,BAF
143,2022,3,Tucumán,77738.0,18518.0,162345.0,3997.0,519.0,263087.0,30.0,526234.0,BAF
144,2022,2,Buenos Aires,350652.0,2719613.0,1399043.0,126847.0,71028.0,4660984.0,6199.0,9334366.0,BAF
145,2022,2,Capital Federal,145491.0,1232226.0,121506.0,5757.0,31791.0,1534626.0,2145.0,3073542.0,BAF
146,2022,2,Catamarca,11928.0,9430.0,42087.0,1329.0,2234.0,67007.0,1.0,134016.0,BAF
147,2022,2,Chaco,29552.0,61284.0,42194.0,8178.0,2356.0,143559.0,5.0,287128.0,BAF
148,2022,2,Chubut,45377.0,69242.0,9574.0,29784.0,8828.0,161901.0,904.0,325610.0,BAF
149,2022,2,Córdoba,179181.0,467595.0,308895.0,61107.0,9657.0,1026367.0,68.0,2052870.0,BAF
150,2022,2,Corrientes,38468.0,75769.0,18181.0,7256.0,5323.0,144993.0,4.0,289994.0,BAF
151,2022,2,Entre Ríos,63794.0,131029.0,35839.0,26098.0,12592.0,269330.0,22.0,538704.0,BAF
152,2022,2,Formosa,15397.0,25487.0,9875.0,16910.0,212.0,67881.0,0.0,135762.0,BAF
153,2022,2,Jujuy,20303.0,54495.0,34184.0,3955.0,2377.0,115314.0,0.0,230628.0,BAF
154,2022,2,La Pampa,7796.0,59273.0,22994.0,20200.0,1264.0,111356.0,171.0,223054.0,BAF
155,2022,2,La Rioja,7759.0,52656.0,19189.0,6395.0,31.0,86026.0,4.0,172060.0,BAF
156,2022,2,Mendoza,37663.0,77504.0,135504.0,26964.0,1927.0,278785.0,777.0,559124.0,BAF
157,2022,2,Misiones,37208.0,89260.0,33649.0,11074.0,7622.0,178813.0,0.0,357626.0,BAF
158,2022,2,Neuquén,29749.0,74905.0,28824.0,27371.0,1119.0,161500.0,468.0,323936.0,BAF
159,2022,2,Río Negro,36050.0,47040.0,40946.0,16760.0,18968.0,159216.0,548.0,319528.0,BAF
160,2022,2,Salta,42665.0,96178.0,47076.0,10068.0,7190.0,203172.0,5.0,406354.0,BAF
161,2022,2,San Juan,38570.0,19734.0,12328.0,21859.0,7916.0,100126.0,281.0,200814.0,BAF
162,2022,2,San Luis,6860.0,29034.0,248.0,70614.0,14985.0,121559.0,182.0,243482.0,BAF
163,2022,2,Santa Cruz,10170.0,23725.0,10815.0,3896.0,579.0,48987.0,198.0,98370.0,BAF
164,2022,2,Santa Fe,198492.0,428233.0,189503.0,43081.0,19550.0,878749.0,110.0,1757718.0,BAF
165,2022,2,Santiago Del Estero,16561.0,80338.0,11605.0,6618.0,2922.0,118042.0,2.0,236088.0,BAF
166,2022,2,Tierra Del Fuego,12754.0,39837.0,403.0,125.0,651.0,53458.0,312.0,107540.0,BAF
167,2022,2,Tucumán,85893.0,15327.0,148823.0,3997.0,487.0,254497.0,30.0,509054.0,BAF
168,2022,1,Buenos Aires,392045.0,2728865.0,1242121.0,125521.0,66872.0,4549131.0,6293.0,9110848.0,BAF
169,2022,1,Capital Federal,102290.0,1217225.0,62308.0,5784.0,29934.0,1415378.0,2163.0,2835082.0,BAF
170,2022,1,Catamarca,14181.0,15517.0,29118.0,1328.0,2234.0,62377.0,1.0,124756.0,BAF
171,2022,1,Chaco,32391.0,64546.0,36662.0,8164.0,2356.0,144114.0,5.0,288238.0,BAF
172,2022,1,Chubut,44133.0,66667.0,9184.0,30592.0,21052.0,170701.0,927.0,343256.0,BAF
173,2022,1,Córdoba,195610.0,501799.0,235838.0,60843.0,9713.0,1003729.0,74.0,2007606.0,BAF
174,2022,1,Corrientes,40462.0,79093.0,10875.0,6774.0,5374.0,142574.0,4.0,285156.0,BAF
175,2022,1,Entre Ríos,67159.0,138986.0,23091.0,26098.0,12592.0,267904.0,22.0,535852.0,BAF
176,2022,1,Formosa,16397.0,15927.0,5146.0,16876.0,202.0,54548.0,0.0,109096.0,BAF
177,2022,1,Jujuy,21307.0,60616.0,25949.0,4662.0,3975.0,116509.0,0.0,233018.0,BAF
178,2022,1,La Pampa,8003.0,58978.0,21739.0,19903.0,1109.0,109560.0,172.0,219464.0,BAF
179,2022,1,La Rioja,9103.0,59228.0,9546.0,6395.0,31.0,84299.0,4.0,168606.0,BAF
180,2022,1,Mendoza,49464.0,74145.0,123228.0,26969.0,1379.0,274399.0,786.0,550370.0,BAF
181,2022,1,Misiones,39147.0,91752.0,25178.0,7807.0,7624.0,171508.0,0.0,343016.0,BAF
182,2022,1,Neuquén,28443.0,73200.0,24193.0,23098.0,745.0,149208.0,471.0,299358.0,BAF
183,2022,1,Río Negro,38662.0,45366.0,38037.0,16815.0,18494.0,156821.0,553.0,314748.0,BAF
184,2022,1,Salta,44714.0,98667.0,40994.0,5950.0,7190.0,197510.0,5.0,395030.0,BAF
185,2022,1,San Juan,34038.0,14449.0,11294.0,20723.0,7674.0,87888.0,290.0,176356.0,BAF
186,2022,1,San Luis,7987.0,11296.0,31.0,71809.0,28721.0,119659.0,185.0,239688.0,BAF
187,2022,1,Santa Cruz,10537.0,23420.0,10766.0,3974.0,405.0,48898.0,204.0,98204.0,BAF
188,2022,1,Santa Fe,213486.0,444609.0,146552.0,45261.0,20571.0,870364.0,115.0,1740958.0,BAF
189,2022,1,Santiago Del Estero,18118.0,87979.0,1093.0,6349.0,2922.0,116459.0,2.0,232922.0,BAF
190,2022,1,Tierra Del Fuego,13031.0,38700.0,416.0,124.0,340.0,52298.0,313.0,105222.0,BAF
191,2022,1,Tucumán,92532.0,62396.0,86174.0,3995.0,487.0,245554.0,30.0,491168.0,BAF
192,2021,4,Buenos Aires,426325.0,2706506.0,1176024.0,126887.0,73415.0,4502772.0,6385.0,9018314.0,BAF
193,2021,4,Capital Federal,111360.0,1205128.0,60005.0,5679.0,29947.0,1409935.0,2184.0,2824238.0,BAF
194,2021,4,Catamarca,16385.0,13858.0,25100.0,1512.0,2235.0,59089.0,1.0,118180.0,BAF
195,2021,4,Chaco,35548.0,63145.0,34688.0,8005.0,2359.0,143740.0,5.0,287490.0,BAF
196,2021,4,Chubut,46361.0,57412.0,9655.0,28041.0,18839.0,159364.0,944.0,320616.0,BAF
197,2021,4,Córdoba,212011.0,487489.0,217214.0,61277.0,8779.0,986693.0,77.0,1973540.0,BAF
198,2021,4,Corrientes,42523.0,71183.0,10138.0,6778.0,5290.0,135908.0,4.0,271824.0,BAF
199,2021,4,Entre Ríos,70459.0,133387.0,23452.0,25022.0,12726.0,265024.0,22.0,530092.0,BAF
200,2021,4,Formosa,17211.0,15111.0,5151.0,16018.0,172.0,53663.0,0.0,107326.0,BAF
201,2021,4,Jujuy,22330.0,60511.0,24156.0,2927.0,3991.0,113915.0,0.0,227830.0,BAF
202,2021,4,La Pampa,8175.0,58000.0,20192.0,19286.0,1354.0,106834.0,173.0,214014.0,BAF
203,2021,4,La Rioja,10387.0,56651.0,9446.0,6613.0,31.0,83124.0,4.0,166256.0,BAF
204,2021,4,Mendoza,59842.0,71553.0,109667.0,24666.0,1859.0,266783.0,804.0,535174.0,BAF
205,2021,4,Misiones,41778.0,92068.0,22035.0,7649.0,7602.0,171132.0,0.0,342264.0,BAF
206,2021,4,Neuquén,29175.0,72761.0,23253.0,21531.0,746.0,146989.0,477.0,294932.0,BAF
207,2021,4,Río Negro,42037.0,44495.0,32212.0,16558.0,18451.0,153189.0,564.0,307506.0,BAF
208,2021,4,Salta,46972.0,99808.0,39555.0,5882.0,7188.0,199399.0,6.0,398810.0,BAF
209,2021,4,San Juan,35868.0,13102.0,11072.0,11423.0,8493.0,79667.0,291.0,159916.0,BAF
210,2021,4,San Luis,8472.0,11064.0,30.0,70560.0,28723.0,118662.0,187.0,237698.0,BAF
211,2021,4,Santa Cruz,10790.0,22902.0,10031.0,4346.0,417.0,48276.0,210.0,96972.0,BAF
212,2021,4,Santa Fe,233427.0,444373.0,128856.0,43556.0,16229.0,866265.0,176.0,1732882.0,BAF
213,2021,4,Santiago Del Estero,19032.0,86563.0,1088.0,6256.0,2922.0,115859.0,2.0,231722.0,BAF
214,2021,4,Tierra Del Fuego,13317.0,38148.0,426.0,124.0,342.0,52042.0,315.0,104714.0,BAF
215,2021,4,Tucumán,97830.0,59022.0,78790.0,2511.0,486.0,238609.0,30.0,477278.0,BAF
216,2021,3,Buenos Aires,585729.0,2595485.0,885613.0,120228.0,64554.0,4246425.0,5184.0,8503218.0,BAF
217,2021,3,Capital Federal,142902.0,1192107.0,42966.0,6059.0,29371.0,1411797.0,1608.0,2826810.0,BAF
218,2021,3,Catamarca,18413.0,11709.0,22331.0,1568.0,2233.0,56253.0,1.0,112508.0,BAF
219,2021,3,Chaco,38258.0,63659.0,27583.0,8018.0,2353.0,139868.0,3.0,279742.0,BAF
220,2021,3,Chubut,49269.0,55794.0,8946.0,23376.0,18681.0,155266.0,800.0,312132.0,BAF
221,2021,3,Córdoba,229275.0,477223.0,167495.0,57617.0,15178.0,946726.0,62.0,1893576.0,BAF
222,2021,3,Corrientes,44805.0,69403.0,7542.0,6766.0,5303.0,133816.0,3.0,267638.0,BAF
223,2021,3,Entre Ríos,74443.0,128752.0,20485.0,23500.0,13195.0,260360.0,15.0,520750.0,BAF
224,2021,3,Formosa,18093.0,14111.0,4730.0,15690.0,171.0,52795.0,0.0,105590.0,BAF
225,2021,3,Jujuy,23554.0,60758.0,19926.0,2952.0,3968.0,111158.0,0.0,222316.0,BAF
226,2021,3,La Pampa,9015.0,57881.0,17817.0,14479.0,1295.0,100371.0,116.0,200974.0,BAF
227,2021,3,La Rioja,11329.0,54744.0,9444.0,6613.0,30.0,82157.0,3.0,164320.0,BAF
228,2021,3,Mendoza,91474.0,71247.0,70579.0,21811.0,828.0,255320.0,619.0,511878.0,BAF
229,2021,3,Misiones,43230.0,89469.0,10969.0,7198.0,7662.0,158528.0,0.0,317056.0,BAF
230,2021,3,Neuquén,29650.0,73794.0,16455.0,19270.0,640.0,139436.0,373.0,279618.0,BAF
231,2021,3,Río Negro,47934.0,44519.0,18725.0,15031.0,18376.0,144084.0,501.0,289170.0,BAF
232,2021,3,Salta,49212.0,98318.0,36126.0,5724.0,6453.0,195831.0,2.0,391666.0,BAF
233,2021,3,San Juan,40072.0,12922.0,6670.0,11372.0,8447.0,79227.0,256.0,158966.0,BAF
234,2021,3,San Luis,8417.0,11884.0,27.0,68856.0,28680.0,117716.0,148.0,235728.0,BAF
235,2021,3,Santa Cruz,12347.0,22961.0,6328.0,4269.0,3071.0,48779.0,197.0,97952.0,BAF
236,2021,3,Santa Fe,245929.0,443156.0,93412.0,43447.0,15640.0,841433.0,151.0,1683168.0,BAF
237,2021,3,Santiago Del Estero,19939.0,85535.0,909.0,6147.0,2928.0,115457.0,1.0,230916.0,BAF
238,2021,3,Tierra Del Fuego,12853.0,36958.0,6.0,16.0,390.0,49934.0,289.0,100446.0,BAF
239,2021,3,Tucumán,104489.0,53868.0,70964.0,2408.0,743.0,232447.0,25.0,464944.0,BAF
240,2021,2,Buenos Aires,603255.0,2503830.0,854173.0,113546.0,57547.0,4127167.0,5184.0,8264702.0,BAF
241,2021,2,Capital Federal,148989.0,1175097.0,41318.0,5580.0,29371.0,1398747.0,1608.0,2800710.0,BAF
242,2021,2,Catamarca,20305.0,9426.0,22331.0,1449.0,2233.0,55743.0,1.0,111488.0,BAF
243,2021,2,Chaco,39826.0,62948.0,27584.0,8018.0,2353.0,140726.0,3.0,281458.0,BAF
244,2021,2,Chubut,49271.0,41497.0,6081.0,23682.0,18706.0,138412.0,825.0,278474.0,BAF
245,2021,2,Córdoba,239780.0,467782.0,151855.0,55944.0,15519.0,930818.0,62.0,1861760.0,BAF
246,2021,2,Corrientes,46648.0,67262.0,3731.0,6557.0,5303.0,129498.0,3.0,259002.0,BAF
247,2021,2,Entre Ríos,77836.0,124957.0,17856.0,23786.0,13197.0,257617.0,15.0,515264.0,BAF
248,2021,2,Formosa,19571.0,12509.0,3610.0,15690.0,171.0,51551.0,0.0,103102.0,BAF
249,2021,2,Jujuy,24738.0,60800.0,19611.0,2731.0,3968.0,111848.0,0.0,223696.0,BAF
250,2021,2,La Pampa,9017.0,57014.0,17132.0,13209.0,1295.0,97551.0,116.0,195334.0,BAF
251,2021,2,La Rioja,11627.0,54255.0,9445.0,6245.0,30.0,81599.0,3.0,163204.0,BAF
252,2021,2,Mendoza,91503.0,70834.0,44696.0,21811.0,827.0,229052.0,619.0,459342.0,BAF
253,2021,2,Misiones,44960.0,87861.0,10376.0,5317.0,7662.0,156176.0,0.0,312352.0,BAF
254,2021,2,Neuquén,30083.0,72690.0,15619.0,19218.0,640.0,137877.0,373.0,276500.0,BAF
255,2021,2,Río Negro,48189.0,43761.0,18727.0,15031.0,18376.0,143583.0,501.0,288168.0,BAF
256,2021,2,Salta,51396.0,96016.0,32050.0,5724.0,6453.0,191637.0,2.0,383278.0,BAF
257,2021,2,San Juan,40072.0,12369.0,6673.0,11372.0,8447.0,78677.0,256.0,157866.0,BAF
258,2021,2,San Luis,8417.0,11308.0,28.0,66860.0,36205.0,122670.0,148.0,245636.0,BAF
259,2021,2,Santa Cruz,12347.0,22967.0,6328.0,4269.0,3071.0,48785.0,197.0,97964.0,BAF
260,2021,2,Santa Fe,256741.0,431915.0,90424.0,43997.0,17523.0,840449.0,151.0,1681200.0,BAF
261,2021,2,Santiago Del Estero,20734.0,83770.0,909.0,5081.0,3596.0,114089.0,1.0,228180.0,BAF
262,2021,2,Tierra Del Fuego,12853.0,22504.0,6.0,14.0,316.0,35404.0,289.0,71386.0,BAF
263,2021,2,Tucumán,110429.0,48359.0,71683.0,1837.0,743.0,233026.0,25.0,466102.0,BAF
264,2021,1,Buenos Aires,629679.0,2452056.0,821597.0,98806.0,57864.0,4054936.0,5066.0,8120004.0,BAF
265,2021,1,Capital Federal,159805.0,1145093.0,39980.0,5559.0,29236.0,1378283.0,1390.0,2759346.0,BAF
266,2021,1,Catamarca,26316.0,4409.0,18688.0,322.0,2233.0,51967.0,1.0,103936.0,BAF
267,2021,1,Chaco,43214.0,61251.0,25426.0,8004.0,1875.0,139767.0,3.0,279540.0,BAF
268,2021,1,Chubut,45501.0,40960.0,3444.0,23723.0,18712.0,131515.0,825.0,264680.0,BAF
269,2021,1,Córdoba,260350.0,444695.0,134634.0,54137.0,17065.0,910826.0,55.0,1821762.0,BAF
270,2021,1,Corrientes,49160.0,62876.0,3337.0,5949.0,5303.0,126622.0,3.0,253250.0,BAF
271,2021,1,Entre Ríos,83688.0,118424.0,16846.0,20836.0,12169.0,251950.0,13.0,503926.0,BAF
272,2021,1,Formosa,20663.0,11412.0,2562.0,15669.0,380.0,50686.0,0.0,101372.0,BAF
273,2021,1,Jujuy,32254.0,54324.0,17322.0,2677.0,3879.0,110456.0,0.0,220912.0,BAF
274,2021,1,La Pampa,8946.0,58711.0,15779.0,12369.0,1300.0,96989.0,116.0,194210.0,BAF
275,2021,1,La Rioja,17363.0,34984.0,1.0,250.0,30.0,52625.0,3.0,105256.0,BAF
276,2021,1,Mendoza,91844.0,69295.0,38619.0,18332.0,833.0,218308.0,615.0,437846.0,BAF
277,2021,1,Misiones,48292.0,82339.0,7064.0,4796.0,6896.0,149387.0,0.0,298774.0,BAF
278,2021,1,Neuquén,30223.0,70457.0,14171.0,17752.0,632.0,132862.0,373.0,266470.0,BAF
279,2021,1,Río Negro,48777.0,42192.0,17828.0,13994.0,18377.0,140667.0,501.0,282336.0,BAF
280,2021,1,Salta,54768.0,89187.0,31498.0,5669.0,6452.0,187572.0,2.0,375148.0,BAF
281,2021,1,San Juan,40072.0,11589.0,6671.0,11482.0,8453.0,78011.0,256.0,156534.0,BAF
282,2021,1,San Luis,8417.0,10678.0,28.0,63826.0,36205.0,119006.0,148.0,238308.0,BAF
283,2021,1,Santa Cruz,12347.0,23089.0,5975.0,4264.0,390.0,45868.0,197.0,92130.0,BAF
284,2021,1,Santa Fe,277012.0,421480.0,70976.0,39140.0,17519.0,825990.0,137.0,1652254.0,BAF
285,2021,1,Santiago Del Estero,26468.0,75849.0,570.0,5158.0,3596.0,111640.0,1.0,223282.0,BAF
286,2021,1,Tierra Del Fuego,12853.0,27247.0,6.0,0.0,316.0,40133.0,289.0,80844.0,BAF
287,2021,1,Tucumán,147199.0,12185.0,69954.0,1834.0,740.0,231890.0,22.0,463824.0,BAF
288,2020,4,Buenos Aires,635651.0,2441248.0,804991.0,93444.0,57927.0,4028195.0,5066.0,8066522.0,BAF
289,2020,4,Capital Federal,163060.0,1142528.0,39890.0,4815.0,29237.0,1378140.0,1390.0,2759060.0,BAF
290,2020,4,Catamarca,26870.0,5115.0,17856.0,322.0,2233.0,52395.0,1.0,104792.0,BAF
291,2020,4,Chaco,44332.0,61200.0,23687.0,7997.0,1875.0,139088.0,3.0,278182.0,BAF
292,2020,4,Chubut,45703.0,39756.0,3040.0,23363.0,18712.0,129749.0,825.0,261148.0,BAF
293,2020,4,Córdoba,267396.0,439322.0,125620.0,52827.0,17536.0,902646.0,55.0,1805402.0,BAF
294,2020,4,Corrientes,50102.0,61495.0,3146.0,5626.0,5290.0,125656.0,3.0,251318.0,BAF
295,2020,4,Entre Ríos,85683.0,113670.0,15653.0,20206.0,12169.0,247368.0,13.0,494762.0,BAF
296,2020,4,Formosa,21264.0,10789.0,2432.0,15341.0,380.0,50206.0,0.0,100412.0,BAF
297,2020,4,Jujuy,32850.0,52815.0,15639.0,1077.0,3470.0,105851.0,0.0,211702.0,BAF
298,2020,4,La Pampa,9009.0,58945.0,15432.0,12194.0,1315.0,96779.0,116.0,193790.0,BAF
299,2020,4,La Rioja,17513.0,34984.0,1.0,250.0,30.0,52775.0,3.0,105556.0,BAF
300,2020,4,Mendoza,91842.0,68364.0,36083.0,18331.0,833.0,214838.0,615.0,430906.0,BAF
301,2020,4,Misiones,49462.0,79855.0,6589.0,4359.0,6896.0,147161.0,0.0,294322.0,BAF
302,2020,4,Neuquén,30468.0,70614.0,13732.0,17689.0,632.0,132762.0,373.0,266270.0,BAF
303,2020,4,Río Negro,48991.0,42022.0,17826.0,13994.0,18377.0,140709.0,501.0,282420.0,BAF
304,2020,4,Salta,56659.0,87817.0,30604.0,5858.0,6452.0,187388.0,2.0,374780.0,BAF
305,2020,4,San Juan,40072.0,7004.0,6599.0,10468.0,8453.0,72340.0,256.0,145192.0,BAF
306,2020,4,San Luis,8417.0,11767.0,27.0,63019.0,36205.0,119287.0,148.0,238870.0,BAF
307,2020,4,Santa Cruz,12347.0,19657.0,1041.0,4659.0,2970.0,40477.0,197.0,81348.0,BAF
308,2020,4,Santa Fe,287271.0,414746.0,62692.0,38712.0,17392.0,820676.0,137.0,1641626.0,BAF
309,2020,4,Santiago Del Estero,26812.0,70522.0,570.0,5169.0,3596.0,106668.0,1.0,213338.0,BAF
310,2020,4,Tierra Del Fuego,12853.0,26439.0,6.0,0.0,316.0,39325.0,289.0,79228.0,BAF
311,2020,4,Tucumán,149322.0,11150.0,68043.0,1834.0,740.0,231067.0,22.0,462178.0,BAF
312,2020,3,Buenos Aires,653930.0,2384557.0,749087.0,94162.0,55541.0,3932211.0,5066.0,7874554.0,BAF
313,2020,3,Capital Federal,170375.0,1129573.0,39417.0,3936.0,29374.0,1371285.0,1390.0,2745350.0,BAF
314,2020,3,Catamarca,26868.0,3690.0,16857.0,261.0,2228.0,49903.0,1.0,99808.0,BAF
315,2020,3,Chaco,45745.0,58825.0,20675.0,6706.0,2003.0,133951.0,3.0,267908.0,BAF
316,2020,3,Chubut,45761.0,39386.0,2897.0,23216.0,18767.0,129202.0,825.0,260054.0,BAF
317,2020,3,Córdoba,276360.0,430771.0,102217.0,48368.0,9756.0,867417.0,55.0,1734944.0,BAF
318,2020,3,Corrientes,50858.0,58681.0,2960.0,5513.0,5379.0,123388.0,3.0,246782.0,BAF
319,2020,3,Entre Ríos,87892.0,106950.0,13954.0,20379.0,12320.0,241482.0,13.0,482990.0,BAF
320,2020,3,Formosa,21790.0,10003.0,2000.0,15023.0,393.0,49209.0,0.0,98418.0,BAF
321,2020,3,Jujuy,32611.0,57682.0,11112.0,952.0,4371.0,106728.0,0.0,213456.0,BAF
322,2020,3,La Pampa,9015.0,56845.0,14677.0,11893.0,1305.0,93619.0,116.0,187470.0,BAF
323,2020,3,La Rioja,17346.0,34984.0,1.0,250.0,35.0,52613.0,3.0,105232.0,BAF
324,2020,3,Mendoza,91908.0,64672.0,32817.0,17523.0,868.0,207173.0,615.0,415576.0,BAF
325,2020,3,Misiones,50195.0,77989.0,2572.0,3445.0,8985.0,143186.0,0.0,286372.0,BAF
326,2020,3,Neuquén,30222.0,70446.0,11043.0,16787.0,737.0,128862.0,373.0,258470.0,BAF
327,2020,3,Río Negro,49530.0,40001.0,10381.0,13187.0,18368.0,130966.0,501.0,262934.0,BAF
328,2020,3,Salta,58216.0,84128.0,25445.0,5764.0,7293.0,180844.0,2.0,361692.0,BAF
329,2020,3,San Juan,40092.0,9223.0,5509.0,14023.0,8480.0,77071.0,256.0,154654.0,BAF
330,2020,3,San Luis,8401.0,10077.0,6.0,61828.0,36253.0,116417.0,148.0,233130.0,BAF
331,2020,3,Santa Cruz,12845.0,16098.0,1027.0,6938.0,2373.0,39084.0,197.0,78562.0,BAF
332,2020,3,Santa Fe,295051.0,405807.0,45721.0,37112.0,19307.0,802861.0,137.0,1605996.0,BAF
333,2020,3,Santiago Del Estero,26419.0,70720.0,555.0,4185.0,3613.0,105491.0,1.0,210984.0,BAF
334,2020,3,Tierra Del Fuego,12854.0,26491.0,0.0,0.0,310.0,39366.0,289.0,79310.0,BAF
335,2020,3,Tucumán,149605.0,11752.0,59949.0,1808.0,762.0,223854.0,22.0,447752.0,BAF
336,2020,2,Buenos Aires,661272.0,2244277.0,723072.0,91736.0,57189.0,3772480.0,5066.0,7555092.0,BAF
337,2020,2,Capital Federal,178896.0,1106133.0,39482.0,3937.0,29373.0,1356431.0,1390.0,2715642.0,BAF
338,2020,2,Catamarca,26968.0,3641.0,14878.0,261.0,2228.0,47975.0,1.0,95952.0,BAF
339,2020,2,Chaco,46816.0,56017.0,17266.0,6452.0,1581.0,128129.0,3.0,256264.0,BAF
340,2020,2,Chubut,45761.0,38279.0,1324.0,17678.0,5614.0,107831.0,825.0,217312.0,BAF
341,2020,2,Córdoba,282858.0,415007.0,85818.0,44522.0,8263.0,836413.0,55.0,1672936.0,BAF
342,2020,2,Corrientes,51248.0,55536.0,3144.0,3927.0,5011.0,118863.0,3.0,237732.0,BAF
343,2020,2,Entre Ríos,89391.0,99423.0,13954.0,20042.0,11303.0,234100.0,13.0,468226.0,BAF
344,2020,2,Formosa,21805.0,9353.0,1882.0,14723.0,169.0,47932.0,0.0,95864.0,BAF
345,2020,2,Jujuy,32705.0,38938.0,5057.0,952.0,16664.0,94316.0,0.0,188632.0,BAF
346,2020,2,La Pampa,8551.0,54422.0,14232.0,11314.0,1290.0,89693.0,116.0,179618.0,BAF
347,2020,2,La Rioja,16885.0,34984.0,1.0,250.0,35.0,52152.0,3.0,104310.0,BAF
348,2020,2,Mendoza,91904.0,62941.0,29613.0,15924.0,802.0,200569.0,615.0,402368.0,BAF
349,2020,2,Misiones,50792.0,74497.0,2579.0,3319.0,9153.0,140340.0,0.0,280680.0,BAF
350,2020,2,Neuquén,30256.0,67990.0,11037.0,15755.0,1134.0,125799.0,373.0,252344.0,BAF
351,2020,2,Río Negro,49756.0,39650.0,10382.0,11331.0,18367.0,128985.0,501.0,258972.0,BAF
352,2020,2,Salta,59502.0,81740.0,24289.0,5123.0,7108.0,177760.0,2.0,355524.0,BAF
353,2020,2,San Juan,40092.0,8275.0,5509.0,7019.0,8882.0,69521.0,256.0,139554.0,BAF
354,2020,2,San Luis,8401.0,8357.0,6.0,60935.0,36253.0,113804.0,148.0,227904.0,BAF
355,2020,2,Santa Cruz,12845.0,16044.0,1027.0,6585.0,2368.0,38672.0,197.0,77738.0,BAF
356,2020,2,Santa Fe,299974.0,381679.0,46698.0,30487.0,19094.0,777795.0,137.0,1555864.0,BAF
357,2020,2,Santiago Del Estero,25917.0,72074.0,355.0,3038.0,4063.0,105446.0,1.0,210894.0,BAF
358,2020,2,Tierra Del Fuego,12854.0,26025.0,0.0,0.0,310.0,38900.0,289.0,78378.0,BAF
359,2020,2,Tucumán,150084.0,9833.0,55120.0,1357.0,762.0,217134.0,22.0,434312.0,BAF
360,2020,1,Buenos Aires,673237.0,2210349.0,720688.0,85443.0,18334.0,3702985.0,5066.0,7416102.0,BAF
361,2020,1,Capital Federal,184494.0,1097635.0,38898.0,3911.0,28556.0,1352104.0,1390.0,2706988.0,BAF
362,2020,1,Catamarca,21945.0,3146.0,12056.0,261.0,2227.0,39634.0,1.0,79270.0,BAF
363,2020,1,Chaco,46356.0,54144.0,11958.0,6239.0,1580.0,120274.0,3.0,240554.0,BAF
364,2020,1,Chubut,45763.0,27287.0,1324.0,16885.0,5479.0,95938.0,800.0,193476.0,BAF
365,2020,1,Córdoba,286168.0,406109.0,68512.0,41617.0,8693.0,811044.0,55.0,1622198.0,BAF
366,2020,1,Corrientes,51126.0,53231.0,2172.0,2437.0,5004.0,113967.0,3.0,227940.0,BAF
367,2020,1,Entre Ríos,90368.0,95434.0,13245.0,18737.0,14062.0,231833.0,13.0,463692.0,BAF
368,2020,1,Formosa,21068.0,8887.0,1800.0,14510.0,169.0,46434.0,0.0,92868.0,BAF
369,2020,1,Jujuy,32066.0,38938.0,3078.0,942.0,16641.0,91665.0,0.0,183330.0,BAF
370,2020,1,La Pampa,8553.0,53755.0,13821.0,11295.0,1802.0,89110.0,116.0,178452.0,BAF
371,2020,1,La Rioja,13076.0,34984.0,0.0,251.0,29.0,48337.0,3.0,96680.0,BAF
372,2020,1,Mendoza,91955.0,50251.0,28059.0,12465.0,722.0,182837.0,615.0,366904.0,BAF
373,2020,1,Misiones,51458.0,69452.0,1220.0,460.0,10962.0,133552.0,0.0,267104.0,BAF
374,2020,1,Neuquén,29305.0,65951.0,11031.0,14711.0,729.0,121354.0,373.0,243454.0,BAF
375,2020,1,Río Negro,47756.0,38479.0,10381.0,11222.0,18362.0,125699.0,501.0,252400.0,BAF
376,2020,1,Salta,60426.0,75593.0,23025.0,4125.0,7212.0,170379.0,2.0,340762.0,BAF
377,2020,1,San Juan,40092.0,6448.0,5508.0,7082.0,5101.0,63975.0,256.0,128462.0,BAF
378,2020,1,San Luis,8301.0,7612.0,5.0,58301.0,36333.0,110404.0,148.0,221104.0,BAF
379,2020,1,Santa Cruz,12845.0,15766.0,1026.0,6817.0,2368.0,38625.0,197.0,77644.0,BAF
380,2020,1,Santa Fe,302366.0,383673.0,35123.0,30488.0,19468.0,770981.0,137.0,1542236.0,BAF
381,2020,1,Santiago Del Estero,24695.0,70424.0,200.0,2779.0,4657.0,102754.0,1.0,205510.0,BAF
382,2020,1,Tierra Del Fuego,12854.0,25632.0,0.0,0.0,308.0,38505.0,289.0,77588.0,BAF
383,2020,1,Tucumán,143184.0,10494.0,44687.0,1355.0,347.0,200045.0,22.0,400134.0,BAF
384,2019,4,Buenos Aires,720011.0,2191672.0,669194.0,87111.0,18266.0,3681120.0,5134.0,7372508.0,BAF
385,2019,4,Capital Federal,196938.0,1093143.0,35534.0,3914.0,28576.0,1356695.0,1410.0,2716210.0,BAF
386,2019,4,Catamarca,22999.0,3318.0,9506.0,261.0,2227.0,38310.0,1.0,76622.0,BAF
387,2019,4,Chaco,48661.0,53602.0,8831.0,5229.0,1580.0,117900.0,3.0,235806.0,BAF
388,2019,4,Chubut,47045.0,26977.0,1324.0,15267.0,5489.0,95292.0,810.0,192204.0,BAF
389,2019,4,Córdoba,296872.0,410038.0,53335.0,37750.0,8693.0,806633.0,55.0,1613376.0,BAF
390,2019,4,Corrientes,52525.0,51845.0,2002.0,2458.0,5004.0,113831.0,3.0,227668.0,BAF
391,2019,4,Entre Ríos,92981.0,99206.0,12875.0,18561.0,15407.0,239017.0,13.0,478060.0,BAF
392,2019,4,Formosa,21567.0,8684.0,1760.0,14531.0,169.0,46711.0,0.0,93422.0,BAF
393,2019,4,Jujuy,32949.0,37604.0,873.0,814.0,16641.0,88881.0,0.0,177762.0,BAF
394,2019,4,La Pampa,15457.0,56854.0,4942.0,11341.0,1805.0,90280.0,119.0,180798.0,BAF
395,2019,4,La Rioja,13738.0,34984.0,0.0,251.0,29.0,48999.0,3.0,98004.0,BAF
396,2019,4,Mendoza,96678.0,49711.0,24989.0,13672.0,730.0,185157.0,623.0,371560.0,BAF
397,2019,4,Misiones,53116.0,69676.0,847.0,441.0,11733.0,135813.0,0.0,271626.0,BAF
398,2019,4,Neuquén,29826.0,60970.0,10549.0,14246.0,854.0,116069.0,376.0,232890.0,BAF
399,2019,4,Río Negro,49747.0,37933.0,9658.0,11437.0,18365.0,126636.0,504.0,254280.0,BAF
400,2019,4,Salta,63272.0,76062.0,21865.0,3040.0,8206.0,172443.0,2.0,344890.0,BAF
401,2019,4,San Juan,41360.0,6338.0,4931.0,7241.0,5104.0,64715.0,259.0,129948.0,BAF
402,2019,4,San Luis,8569.0,8027.0,6.0,55266.0,36333.0,108053.0,148.0,216402.0,BAF
403,2019,4,Santa Cruz,13264.0,15899.0,1036.0,6800.0,2371.0,39170.0,200.0,78740.0,BAF
404,2019,4,Santa Fe,312072.0,382254.0,27464.0,26978.0,20401.0,769019.0,150.0,1538338.0,BAF
405,2019,4,Santiago Del Estero,24682.0,71239.0,200.0,2810.0,4657.0,103587.0,1.0,207176.0,BAF
406,2019,4,Tierra Del Fuego,13261.0,26821.0,0.0,0.0,310.0,40101.0,291.0,80784.0,BAF
407,2019,4,Tucumán,146985.0,11012.0,39574.0,725.0,348.0,198621.0,23.0,397288.0,BAF
408,2019 *,3 *,Buenos Aires,1277249.0,2144956.0,425386.0,85572.0,27070.0,3950114.0,10119.0,7920466.0,BAF
409,2019 *,3 *,Capital Federal,300288.0,1080973.0,24900.0,3895.0,31155.0,1437734.0,3477.0,2882422.0,BAF
410,2019 *,3 *,Catamarca,24349.0,5543.0,13.0,244.0,2251.0,32391.0,9.0,64800.0,BAF
411,2019 *,3 *,Chaco,50416.0,49156.0,8063.0,5224.0,1592.0,114438.0,13.0,228902.0,BAF
412,2019 *,3 *,Chubut,37298.0,27090.0,1917.0,15149.0,7551.0,87481.0,1524.0,178010.0,BAF
413,2019 *,3 *,Córdoba,307780.0,399231.0,30064.0,37277.0,8701.0,782946.0,107.0,1566106.0,BAF
414,2019 *,3 *,Corrientes,53344.0,50230.0,1888.0,2458.0,4839.0,112749.0,10.0,225518.0,BAF
415,2019 *,3 *,Entre Ríos,94947.0,96305.0,12888.0,18530.0,15432.0,238057.0,45.0,476204.0,BAF
416,2019 *,3 *,Formosa,21777.0,8359.0,1476.0,14292.0,162.0,46066.0,0.0,92132.0,BAF
417,2019 *,3 *,Jujuy,33110.0,35742.0,274.0,812.0,16638.0,86575.0,1.0,173152.0,BAF
418,2019 *,3 *,La Pampa,19469.0,52941.0,4994.0,11462.0,1962.0,90559.0,269.0,181656.0,BAF
419,2019 *,3 *,La Rioja,14390.0,34984.0,11.0,251.0,41.0,49659.0,18.0,99354.0,BAF
420,2019 *,3 *,Mendoza,148640.0,54312.0,6865.0,12975.0,1545.0,223015.0,1322.0,448674.0,BAF
421,2019 *,3 *,Misiones,54493.0,65872.0,829.0,419.0,12270.0,133883.0,0.0,267766.0,BAF
422,2019 *,3 *,Neuquén,43347.0,60484.0,5560.0,13512.0,2518.0,123435.0,1986.0,250842.0,BAF
423,2019 *,3 *,Río Negro,67478.0,37425.0,9739.0,10806.0,18847.0,143391.0,904.0,288590.0,BAF
424,2019 *,3 *,Salta,65799.0,74329.0,733.0,1580.0,9394.0,151834.0,1.0,303670.0,BAF
425,2019 *,3 *,San Juan,51670.0,7425.0,1227.0,7241.0,5535.0,72535.0,563.0,146196.0,BAF
426,2019 *,3 *,San Luis,13037.0,10561.0,350.0,62286.0,36466.0,122409.0,291.0,245400.0,BAF
427,2019 *,3 *,Santa Cruz,10663.0,17056.0,969.0,6544.0,2738.0,37642.0,328.0,75940.0,BAF
428,2019 *,3 *,Santa Fe,319396.0,377171.0,18690.0,24269.0,21408.0,760706.0,228.0,1521868.0,BAF
429,2019 *,3 *,Santiago Del Estero,24556.0,71198.0,219.0,2759.0,34400.0,133130.0,2.0,266264.0,BAF
430,2019 *,3 *,Tierra Del Fuego,19790.0,26659.0,651.0,0.0,1487.0,48043.0,544.0,97174.0,BAF
431,2019 *,3 *,Tucumán,150918.0,12089.0,116.0,684.0,324.0,164099.0,32.0,328262.0,BAF
432,2019 *,2 *,Buenos Aires,1284658.0,2079900.0,382971.0,75240.0,32929.0,3845594.0,10104.0,7711396.0,BAF
433,2019 *,2 *,Capital Federal,309937.0,1061358.0,36082.0,3962.0,4281.0,1412177.0,3443.0,2831240.0,BAF
434,2019 *,2 *,Catamarca,25682.0,5543.0,13.0,146.0,2251.0,33626.0,9.0,67270.0,BAF
435,2019 *,2 *,Chaco,50765.0,47448.0,4203.0,4727.0,1591.0,108721.0,13.0,217468.0,BAF
436,2019 *,2 *,Chubut,37313.0,26338.0,1917.0,14443.0,7545.0,86038.0,1518.0,175112.0,BAF
437,2019 *,2 *,Córdoba,314768.0,388254.0,23023.0,33847.0,15236.0,775023.0,105.0,1550256.0,BAF
438,2019 *,2 *,Corrientes,53835.0,47431.0,1701.0,2444.0,6138.0,111539.0,10.0,223098.0,BAF
439,2019 *,2 *,Entre Ríos,97081.0,91081.0,12764.0,17369.0,17529.0,235780.0,44.0,471648.0,BAF
440,2019 *,2 *,Formosa,21916.0,8686.0,1382.0,14292.0,162.0,46438.0,0.0,92876.0,BAF
441,2019 *,2 *,Jujuy,33022.0,30742.0,274.0,812.0,21857.0,86706.0,1.0,173414.0,BAF
442,2019 *,2 *,La Pampa,19471.0,52101.0,4840.0,10789.0,3004.0,89937.0,268.0,180410.0,BAF
443,2019 *,2 *,La Rioja,15014.0,34984.0,11.0,251.0,41.0,50283.0,18.0,100602.0,BAF
444,2019 *,2 *,Mendoza,148673.0,54027.0,6865.0,12748.0,1544.0,222535.0,1322.0,447714.0,BAF
445,2019 *,2 *,Misiones,55373.0,64272.0,543.0,421.0,12269.0,132878.0,0.0,265756.0,BAF
446,2019 *,2 *,Neuquén,43420.0,59021.0,4983.0,12792.0,2737.0,120954.0,1999.0,245906.0,BAF
447,2019 *,2 *,Río Negro,67841.0,36527.0,4037.0,10485.0,19657.0,137632.0,915.0,277094.0,BAF
448,2019 *,2 *,Salta,68827.0,62343.0,725.0,1210.0,9463.0,142567.0,1.0,285136.0,BAF
449,2019 *,2 *,San Juan,51680.0,7425.0,1174.0,2870.0,6876.0,69461.0,564.0,140050.0,BAF
450,2019 *,2 *,San Luis,11130.0,10298.0,347.0,57242.0,38368.0,117094.0,291.0,234770.0,BAF
451,2019 *,2 *,Santa Cruz,10665.0,10257.0,379.0,6514.0,2735.0,30225.0,325.0,61100.0,BAF
452,2019 *,2 *,Santa Fe,325420.0,355140.0,18236.0,21980.0,22708.0,743258.0,226.0,1486968.0,BAF
453,2019 *,2 *,Santiago Del Estero,24393.0,64783.0,219.0,2759.0,34600.0,126752.0,2.0,253508.0,BAF
454,2019 *,2 *,Tierra Del Fuego,19790.0,25527.0,651.0,0.0,1486.0,46910.0,544.0,94908.0,BAF
455,2019 *,2 *,Tucumán,153121.0,12089.0,116.0,684.0,321.0,166299.0,32.0,332662.0,BAF
456,2019 *,1 *,Buenos Aires,1304507.0,2020730.0,336362.0,64867.0,20201.0,3736563.0,10104.0,7493334.0,BAF
457,2019 *,1 *,Capital Federal,328246.0,1030814.0,32281.0,3978.0,4281.0,1396157.0,3443.0,2799200.0,BAF
458,2019 *,1 *,Catamarca,26912.0,4443.0,16.0,0.0,2251.0,33613.0,9.0,67244.0,BAF
459,2019 *,1 *,Chaco,53409.0,43555.0,1951.0,3628.0,1134.0,103664.0,13.0,207354.0,BAF
460,2019 *,1 *,Chubut,37302.0,23065.0,1923.0,14443.0,3045.0,78260.0,1518.0,159556.0,BAF
461,2019 *,1 *,Córdoba,323272.0,363959.0,19902.0,24615.0,12367.0,744010.0,105.0,1488230.0,BAF
462,2019 *,1 *,Corrientes,55842.0,43444.0,1615.0,1528.0,58.0,102477.0,10.0,204974.0,BAF
463,2019 *,1 *,Entre Ríos,100999.0,90253.0,12723.0,16231.0,12241.0,232403.0,44.0,464894.0,BAF
464,2019 *,1 *,Formosa,22570.0,7878.0,940.0,13761.0,62.0,45211.0,0.0,90422.0,BAF
465,2019 *,1 *,Jujuy,33248.0,12484.0,153.0,640.0,43622.0,90146.0,1.0,180294.0,BAF
466,2019 *,1 *,La Pampa,18832.0,57373.0,2891.0,9023.0,1041.0,88892.0,268.0,178320.0,BAF
467,2019 *,1 *,La Rioja,16367.0,34984.0,12.0,252.0,41.0,51638.0,18.0,103312.0,BAF
468,2019 *,1 *,Mendoza,148524.0,40205.0,5662.0,10363.0,1544.0,204976.0,1322.0,412596.0,BAF
469,2019 *,1 *,Misiones,54898.0,59214.0,465.0,426.0,7717.0,122720.0,0.0,245440.0,BAF
470,2019 *,1 *,Neuquén,40747.0,55634.0,3114.0,12510.0,2372.0,112321.0,2056.0,228754.0,BAF
471,2019 *,1 *,Río Negro,68377.0,34124.0,3994.0,9736.0,4857.0,120173.0,915.0,242176.0,BAF
472,2019 *,1 *,Salta,74426.0,57933.0,647.0,1135.0,1879.0,136019.0,1.0,272040.0,BAF
473,2019 *,1 *,San Juan,51660.0,5838.0,808.0,2932.0,1207.0,61881.0,564.0,124890.0,BAF
474,2019 *,1 *,San Luis,11108.0,7784.0,378.0,53097.0,23968.0,96044.0,291.0,192670.0,BAF
475,2019 *,1 *,Santa Cruz,10659.0,4615.0,382.0,6514.0,2735.0,24580.0,325.0,49810.0,BAF
476,2019 *,1 *,Santa Fe,340038.0,340344.0,15621.0,23215.0,17860.0,736851.0,227.0,1474156.0,BAF
477,2019 *,1 *,Santiago Del Estero,25337.0,61547.0,23.0,2847.0,99.0,89851.0,2.0,179706.0,BAF
478,2019 *,1 *,Tierra Del Fuego,19789.0,23549.0,1623.0,0.0,1486.0,45903.0,544.0,92894.0,BAF
479,2019 *,1 *,Tucumán,159215.0,11670.0,118.0,678.0,321.0,171970.0,32.0,344004.0,BAF
480,2018,4,Buenos Aires,1305576.0,1949637.0,296102.0,65477.0,19814.0,3626502.0,10104.0,7273212.0,BAF
481,2018,4,Capital Federal,328253.0,1019490.0,33042.0,3978.0,4257.0,1385577.0,3443.0,2778040.0,BAF
482,2018,4,Catamarca,26912.0,4443.0,16.0,0.0,2212.0,33574.0,9.0,67166.0,BAF
483,2018,4,Chaco,53409.0,43555.0,1940.0,3236.0,1130.0,103257.0,13.0,206540.0,BAF
484,2018,4,Chubut,37215.0,23065.0,952.0,14443.0,3047.0,77204.0,1518.0,157444.0,BAF
485,2018,4,Córdoba,328854.0,355716.0,17675.0,21851.0,13243.0,737234.0,105.0,1474678.0,BAF
486,2018,4,Corrientes,55842.0,42418.0,796.0,1515.0,30.0,100591.0,10.0,201202.0,BAF
487,2018,4,Entre Ríos,101168.0,86198.0,4853.0,15472.0,14356.0,222003.0,44.0,444094.0,BAF
488,2018,4,Formosa,22619.0,7880.0,887.0,13761.0,57.0,45204.0,0.0,90408.0,BAF
489,2018,4,Jujuy,33248.0,12484.0,153.0,640.0,43608.0,90132.0,1.0,180266.0,BAF
490,2018,4,La Pampa,18832.0,55337.0,2685.0,7772.0,1010.0,85368.0,268.0,171272.0,BAF
491,2018,4,La Rioja,16367.0,34984.0,12.0,252.0,36.0,51633.0,18.0,103302.0,BAF
492,2018,4,Mendoza,148524.0,40205.0,5665.0,10363.0,1547.0,204982.0,1322.0,412608.0,BAF
493,2018,4,Misiones,55500.0,53673.0,465.0,426.0,6209.0,116273.0,0.0,232546.0,BAF
494,2018,4,Neuquén,40747.0,55634.0,3115.0,12425.0,2444.0,112309.0,2056.0,228730.0,BAF
495,2018,4,Río Negro,68377.0,34292.0,1299.0,8037.0,4832.0,115922.0,915.0,233674.0,BAF
496,2018,4,Salta,74295.0,57539.0,638.0,253.0,1853.0,134577.0,1.0,269156.0,BAF
497,2018,4,San Juan,51660.0,5838.0,806.0,2883.0,1211.0,61834.0,564.0,124796.0,BAF
498,2018,4,San Luis,11108.0,7784.0,378.0,53097.0,23964.0,96040.0,291.0,192662.0,BAF
499,2018,4,Santa Cruz,10659.0,4615.0,382.0,6378.0,2734.0,24443.0,325.0,49536.0,BAF
500,2018,4,Santa Fe,335519.0,322782.0,14387.0,18705.0,28997.0,720161.0,229.0,1440780.0,BAF
501,2018,4,Santiago Del Estero,25339.0,61243.0,23.0,2649.0,81.0,89333.0,2.0,178670.0,BAF
502,2018,4,Tierra Del Fuego,19789.0,23349.0,1623.0,0.0,1499.0,45716.0,544.0,92520.0,BAF
503,2018,4,Tucumán,159215.0,11670.0,119.0,686.0,314.0,171972.0,32.0,344008.0,BAF
504,2018,3,Buenos Aires,1435856.0,1929273.0,156382.0,62318.0,26448.0,3599714.0,10563.0,7220554.0,BAF
505,2018,3,Capital Federal,334353.0,1009252.0,35694.0,3872.0,9319.0,1385804.0,6686.0,2784980.0,BAF
506,2018,3,Catamarca,27553.0,4443.0,15.0,1.0,2214.0,34215.0,11.0,68452.0,BAF
507,2018,3,Chaco,53927.0,42359.0,1990.0,2628.0,1129.0,102021.0,12.0,204066.0,BAF
508,2018,3,Chubut,58887.0,23065.0,1239.0,13817.0,6728.0,101310.0,2426.0,207472.0,BAF
509,2018,3,Córdoba,337620.0,342401.0,15785.0,19213.0,10839.0,725764.0,94.0,1451716.0,BAF
510,2018,3,Corrientes,56444.0,41300.0,212.0,1468.0,32.0,99445.0,11.0,198912.0,BAF
511,2018,3,Entre Ríos,103318.0,83714.0,2403.0,15093.0,80.0,204560.0,48.0,409216.0,BAF
512,2018,3,Formosa,22777.0,7589.0,817.0,13625.0,57.0,44865.0,0.0,89730.0,BAF
513,2018,3,Jujuy,33363.0,10856.0,32.0,641.0,43.0,44934.0,1.0,89870.0,BAF
514,2018,3,La Pampa,12415.0,54574.0,8437.0,7011.0,987.0,83180.0,244.0,166848.0,BAF
515,2018,3,La Rioja,16587.0,34984.0,13.0,253.0,35.0,51855.0,17.0,103744.0,BAF
516,2018,3,Mendoza,151033.0,40205.0,5744.0,8195.0,1852.0,205545.0,1484.0,414058.0,BAF
517,2018,3,Misiones,56290.0,50793.0,512.0,391.0,56.0,108042.0,0.0,216084.0,BAF
518,2018,3,Neuquén,46602.0,54129.0,998.0,12277.0,2712.0,114713.0,2005.0,233436.0,BAF
519,2018,3,Río Negro,68590.0,33474.0,1252.0,5051.0,5125.0,112433.0,1059.0,226984.0,BAF
520,2018,3,Salta,76600.0,53980.0,678.0,234.0,1391.0,132882.0,1.0,265766.0,BAF
521,2018,3,San Juan,54025.0,5838.0,826.0,2744.0,1048.0,63823.0,658.0,128962.0,BAF
522,2018,3,San Luis,11096.0,7784.0,368.0,52859.0,2314.0,74121.0,300.0,148842.0,BAF
523,2018,3,Santa Cruz,18606.0,4574.0,585.0,6238.0,3996.0,33565.0,434.0,67998.0,BAF
524,2018,3,Santa Fe,339126.0,312866.0,11749.0,16337.0,15022.0,694883.0,217.0,1390200.0,BAF
525,2018,3,Santiago Del Estero,25805.0,58789.0,23.0,1662.0,81.0,86358.0,2.0,172720.0,BAF
526,2018,3,Tierra Del Fuego,19365.0,22649.0,1502.0,1.0,2047.0,45056.0,508.0,91128.0,BAF
527,2018,3,Tucumán,161209.0,9280.0,110.0,252.0,315.0,171135.0,31.0,342332.0,BAF
528,2018,2,Buenos Aires,1450203.0,1807868.0,143626.0,71256.0,27746.0,3490134.0,10565.0,7001398.0,BAF
529,2018,2,Capital Federal,342431.0,977916.0,35610.0,3908.0,9321.0,1362498.0,6688.0,2738372.0,BAF
530,2018,2,Catamarca,27444.0,4415.0,15.0,1.0,2214.0,34078.0,11.0,68178.0,BAF
531,2018,2,Chaco,54134.0,40750.0,562.0,1946.0,1129.0,98509.0,12.0,197042.0,BAF
532,2018,2,Chubut,58935.0,19591.0,1239.0,14070.0,6729.0,98137.0,2427.0,201128.0,BAF
533,2018,2,Córdoba,345141.0,327636.0,13832.0,16355.0,10109.0,712979.0,94.0,1426146.0,BAF
534,2018,2,Corrientes,56541.0,39715.0,201.0,1468.0,32.0,97946.0,11.0,195914.0,BAF
535,2018,2,Entre Ríos,104811.0,80376.0,2405.0,12313.0,80.0,199937.0,48.0,399970.0,BAF
536,2018,2,Formosa,23543.0,7311.0,18.0,13625.0,57.0,44554.0,,89108.0,BAF
537,2018,2,Jujuy,33571.0,10856.0,23.0,640.0,43.0,45132.0,1.0,90266.0,BAF
538,2018,2,La Pampa,12416.0,53587.0,8420.0,7011.0,987.0,82177.0,244.0,164842.0,BAF
539,2018,2,La Rioja,16663.0,34984.0,13.0,253.0,35.0,51931.0,17.0,103896.0,BAF
540,2018,2,Mendoza,152938.0,36872.0,3084.0,6206.0,1852.0,199468.0,1484.0,401904.0,BAF
541,2018,2,Misiones,57265.0,47923.0,512.0,391.0,56.0,106147.0,,212294.0,BAF
542,2018,2,Neuquén,46633.0,52855.0,998.0,12649.0,2713.0,113842.0,2006.0,231696.0,BAF
543,2018,2,Río Negro,68667.0,32795.0,1252.0,4396.0,5125.0,111176.0,1059.0,224470.0,BAF
544,2018,2,Salta,78386.0,53478.0,678.0,234.0,1391.0,134166.0,1.0,268334.0,BAF
545,2018,2,San Juan,54080.0,5068.0,826.0,3079.0,1048.0,63443.0,658.0,128202.0,BAF
546,2018,2,San Luis,11104.0,7666.0,368.0,16.0,2314.0,21168.0,300.0,42936.0,BAF
547,2018,2,Santa Cruz,18615.0,4474.0,585.0,6734.0,3997.0,33970.0,435.0,68810.0,BAF
548,2018,2,Santa Fe,337934.0,304349.0,11354.0,15801.0,15114.0,684243.0,309.0,1369104.0,BAF
549,2018,2,Santiago Del Estero,26074.0,55935.0,23.0,1662.0,81.0,83773.0,2.0,167550.0,BAF
550,2018,2,Tierra Del Fuego,19372.0,22756.0,531.0,1.0,2047.0,44199.0,508.0,89414.0,BAF
551,2018,2,Tucumán,160315.0,8965.0,110.0,252.0,315.0,169926.0,31.0,339914.0,BAF
552,2018,1,Buenos Aires,1452061.0,1793884.0,133928.0,64379.0,31194.0,3464882.0,10564.0,6950892.0,BAF
553,2018,1,Capital Federal,349995.0,968483.0,35535.0,3164.0,9393.0,1359882.0,6688.0,2733140.0,BAF
554,2018,1,Catamarca,27300.0,4415.0,15.0,1.0,2214.0,33934.0,11.0,67890.0,BAF
555,2018,1,Chaco,54879.0,40157.0,383.0,388.0,1130.0,96925.0,12.0,193874.0,BAF
556,2018,1,Chubut,56375.0,19591.0,1194.0,14070.0,6729.0,95532.0,2427.0,195918.0,BAF
557,2018,1,Córdoba,349342.0,326894.0,13178.0,13237.0,11275.0,713825.0,101.0,1427852.0,BAF
558,2018,1,Corrientes,56937.0,35225.0,888.0,1334.0,33.0,94406.0,11.0,188834.0,BAF
559,2018,1,Entre Ríos,106998.0,75751.0,3789.0,10776.0,80.0,197346.0,48.0,394788.0,BAF
560,2018,1,Formosa,23556.0,7095.0,17.0,1603.0,57.0,32328.0,0.0,64656.0,BAF
561,2018,1,Jujuy,33856.0,10456.0,23.0,28.0,43.0,44405.0,1.0,88812.0,BAF
562,2018,1,La Pampa,10807.0,51389.0,8386.0,10556.0,1926.0,82668.0,396.0,166128.0,BAF
563,2018,1,La Rioja,16960.0,34984.0,13.0,253.0,35.0,52228.0,17.0,104490.0,BAF
564,2018,1,Mendoza,152931.0,36872.0,3086.0,6206.0,1852.0,199463.0,1484.0,401894.0,BAF
565,2018,1,Misiones,56311.0,46880.0,328.0,5.0,56.0,103580.0,0.0,207160.0,BAF
566,2018,1,Neuquén,46714.0,55072.0,1000.0,12404.0,2713.0,115897.0,2006.0,235806.0,BAF
567,2018,1,Río Negro,68769.0,31712.0,1251.0,4259.0,5128.0,110057.0,1062.0,222238.0,BAF
568,2018,1,Salta,79936.0,51534.0,118.0,204.0,1391.0,133182.0,1.0,266366.0,BAF
569,2018,1,San Juan,54080.0,5068.0,826.0,2246.0,1048.0,62610.0,658.0,126536.0,BAF
570,2018,1,San Luis,11104.0,7594.0,368.0,16.0,2314.0,21096.0,300.0,42792.0,BAF
571,2018,1,Santa Cruz,18615.0,4474.0,1799.0,6734.0,2783.0,33970.0,435.0,68810.0,BAF
572,2018,1,Santa Fe,341997.0,300421.0,10674.0,11636.0,15298.0,679717.0,309.0,1360052.0,BAF
573,2018,1,Santiago Del Estero,26788.0,54594.0,23.0,1432.0,81.0,82916.0,2.0,165836.0,BAF
574,2018,1,Tierra Del Fuego,19372.0,9663.0,531.0,1.0,2047.0,31106.0,508.0,63228.0,BAF
575,2018,1,Tucumán,158611.0,8921.0,107.0,368.0,50.0,168026.0,31.0,336114.0,BAF
576,2017,4,Buenos Aires,1241172.0,1718013.0,131181.0,60082.0,31448.0,3171206.0,10690.0,6363792.0,BAF
577,2017,4,Capital Federal,571363.0,961688.0,36277.0,3119.0,9877.0,1575418.0,6906.0,3164648.0,BAF
578,2017,4,Catamarca,27083.0,263.0,11.0,1.0,2200.0,29548.0,10.0,59116.0,BAF
579,2017,4,Chaco,55035.0,39690.0,389.0,380.0,1121.0,96603.0,12.0,193230.0,BAF
580,2017,4,Chubut,56378.0,15097.0,1187.0,14070.0,6708.0,91012.0,2428.0,186880.0,BAF
581,2017,4,Córdoba,349710.0,324709.0,12778.0,12043.0,10739.0,709874.0,105.0,1419958.0,BAF
582,2017,4,Corrientes,56786.0,34722.0,894.0,1334.0,35.0,93760.0,11.0,187542.0,BAF
583,2017,4,Entre Ríos,107764.0,73692.0,1894.0,10267.0,86.0,193654.0,49.0,387406.0,BAF
584,2017,4,Formosa,23410.0,6973.0,19.0,1603.0,51.0,32056.0,0.0,64112.0,BAF
585,2017,4,Jujuy,33844.0,9626.0,20.0,28.0,34.0,43551.0,1.0,87104.0,BAF
586,2017,4,La Pampa,10808.0,50495.0,8272.0,10569.0,1927.0,81675.0,396.0,164142.0,BAF
587,2017,4,La Rioja,16912.0,34984.0,14.0,253.0,31.0,52177.0,17.0,104388.0,BAF
588,2017,4,Mendoza,152896.0,16114.0,3015.0,6206.0,1920.0,178661.0,1490.0,360302.0,BAF
589,2017,4,Misiones,56271.0,47470.0,95.0,5.0,54.0,103895.0,0.0,207790.0,BAF
590,2017,4,Neuquén,46739.0,54119.0,1017.0,12404.0,2692.0,114965.0,2006.0,233942.0,BAF
591,2017,4,Río Negro,68690.0,30451.0,1250.0,4259.0,5114.0,108702.0,1062.0,219528.0,BAF
592,2017,4,Salta,80705.0,50446.0,127.0,158.0,1376.0,132811.0,1.0,265624.0,BAF
593,2017,4,San Juan,54079.0,451.0,812.0,2246.0,1036.0,57965.0,659.0,117248.0,BAF
594,2017,4,San Luis,11104.0,1119.0,335.0,17.0,2329.0,14604.0,300.0,29808.0,BAF
595,2017,4,Santa Cruz,18614.0,1668.0,582.0,4638.0,3950.0,29018.0,434.0,58904.0,BAF
596,2017,4,Santa Fe,341680.0,293831.0,10602.0,10965.0,15382.0,672137.0,323.0,1344920.0,BAF
597,2017,4,Santiago Del Estero,27313.0,40407.0,19.0,1025.0,80.0,68842.0,2.0,137688.0,BAF
598,2017,4,Tierra Del Fuego,19372.0,6906.0,530.0,1.0,2045.0,28346.0,508.0,57708.0,BAF
599,2017,4,Tucumán,156583.0,5223.0,105.0,102.0,319.0,162298.0,34.0,324664.0,BAF
600,2017,3,Buenos Aires,1288025.0,1571180.0,124920.0,35058.0,38777.0,3046758.0,11202.0,6115920.0,BAF
601,2017,3,Capital Federal,583249.0,941092.0,33481.0,2814.0,9723.0,1563289.0,7070.0,3140718.0,BAF
602,2017,3,Catamarca,26873.0,4411.0,12.0,1.0,2181.0,33467.0,11.0,66956.0,BAF
603,2017,3,Chaco,54888.0,37307.0,456.0,36.0,1072.0,93747.0,12.0,187518.0,BAF
604,2017,3,Chubut,56359.0,5645.0,1217.0,13503.0,6820.0,81067.0,2477.0,167088.0,BAF
605,2017,3,Córdoba,344580.0,319360.0,10579.0,7137.0,14988.0,696536.0,108.0,1393288.0,BAF
606,2017,3,Corrientes,56247.0,33993.0,947.0,1334.0,27.0,92536.0,12.0,185096.0,BAF
607,2017,3,Entre Ríos,107774.0,69596.0,1786.0,6245.0,63.0,185414.0,50.0,370928.0,BAF
608,2017,3,Formosa,22647.0,6816.0,428.0,2202.0,12.0,32105.0,0.0,64210.0,BAF
609,2017,3,Jujuy,33796.0,9395.0,20.0,23.0,8.0,43241.0,1.0,86484.0,BAF
610,2017,3,La Pampa,11378.0,49679.0,5153.0,11536.0,1944.0,79280.0,410.0,159380.0,BAF
611,2017,3,La Rioja,16638.0,34984.0,14.0,252.0,25.0,51896.0,17.0,103826.0,BAF
612,2017,3,Mendoza,154036.0,33788.0,2772.0,29.0,1866.0,190958.0,1533.0,384982.0,BAF
613,2017,3,Misiones,56472.0,43880.0,110.0,5.0,9.0,100476.0,0.0,200952.0,BAF
614,2017,3,Neuquén,48001.0,52468.0,1044.0,11576.0,2695.0,113755.0,2029.0,231568.0,BAF
615,2017,3,Río Negro,69301.0,30018.0,1106.0,3054.0,4017.0,106393.0,1103.0,214992.0,BAF
616,2017,3,Salta,80782.0,50284.0,127.0,158.0,1167.0,132517.0,1.0,265036.0,BAF
617,2017,3,San Juan,54499.0,5068.0,816.0,1053.0,1013.0,61789.0,660.0,124898.0,BAF
618,2017,3,San Luis,11407.0,7576.0,347.0,26.0,2363.0,21408.0,311.0,43438.0,BAF
619,2017,3,Santa Cruz,19220.0,5487.0,1544.0,4552.0,2887.0,33222.0,468.0,67380.0,BAF
620,2017,3,Santa Fe,322953.0,290655.0,6338.0,4897.0,37499.0,662086.0,256.0,1324684.0,BAF
621,2017,3,Santiago Del Estero,27733.0,54096.0,19.0,911.0,35.0,82792.0,2.0,165588.0,BAF
622,2017,3,Tierra Del Fuego,21587.0,7012.0,622.0,1.0,2244.0,30883.0,583.0,62932.0,BAF
623,2017,3,Tucumán,154130.0,6431.0,106.0,40.0,305.0,160979.0,33.0,322024.0,BAF
624,2017,2,Buenos Aires,1378549.0,1535037.0,119132.0,21555.0,24358.0,3067430.0,11201.0,6157262.0,BAF
625,2017,2,Capital Federal,615262.0,932466.0,38628.0,2819.0,11016.0,1592175.0,8016.0,3200382.0,BAF
626,2017,2,Catamarca,26401.0,255.0,14.0,1.0,34.0,26692.0,13.0,53410.0,BAF
627,2017,2,Chaco,54449.0,35613.0,458.0,52.0,39.0,90597.0,14.0,181222.0,BAF
628,2017,2,Chubut,43994.0,1067.0,916.0,13194.0,4804.0,62245.0,1730.0,127950.0,BAF
629,2017,2,Córdoba,341748.0,303488.0,4451.0,6446.0,1505.0,657505.0,133.0,1315276.0,BAF
630,2017,2,Corrientes,55262.0,33192.0,258.0,1354.0,31.0,90085.0,12.0,180194.0,BAF
631,2017,2,Entre Ríos,108309.0,67650.0,254.0,6448.0,71.0,182675.0,57.0,365464.0,BAF
632,2017,2,Formosa,22493.0,6410.0,17.0,1023.0,13.0,29956.0,0.0,59912.0,BAF
633,2017,2,Jujuy,33742.0,8858.0,22.0,0.0,35.0,42656.0,1.0,85314.0,BAF
634,2017,2,La Pampa,12754.0,48310.0,5194.0,6253.0,511.0,72573.0,449.0,146044.0,BAF
635,2017,2,La Rioja,16244.0,0.0,15.0,2.0,28.0,16271.0,18.0,32578.0,BAF
636,2017,2,Mendoza,153331.0,13030.0,2581.0,27.0,1784.0,169302.0,1451.0,341506.0,BAF
637,2017,2,Misiones,56752.0,42925.0,103.0,5.0,9.0,99794.0,0.0,199588.0,BAF
638,2017,2,Neuquén,51794.0,50283.0,1133.0,11545.0,2678.0,115321.0,2112.0,234866.0,BAF
639,2017,2,Río Negro,67038.0,29147.0,961.0,3213.0,1260.0,100621.0,998.0,203238.0,BAF
640,2017,2,Salta,80184.0,27280.0,115.0,158.0,804.0,108540.0,1.0,217082.0,BAF
641,2017,2,San Juan,48670.0,451.0,772.0,1073.0,915.0,51261.0,620.0,103762.0,BAF
642,2017,2,San Luis,11432.0,1120.0,354.0,26.0,375.0,12992.0,315.0,26614.0,BAF
643,2017,2,Santa Cruz,15311.0,2722.0,1365.0,4735.0,2255.0,26019.0,369.0,52776.0,BAF
644,2017,2,Santa Fe,329813.0,228102.0,3234.0,4958.0,1173.0,566918.0,362.0,1134560.0,BAF
645,2017,2,Santiago Del Estero,28337.0,3900.0,19.0,911.0,29.0,33194.0,2.0,66392.0,BAF
646,2017,2,Tierra Del Fuego,22636.0,6905.0,665.0,1.0,2350.0,31938.0,619.0,65114.0,BAF
647,2017,2,Tucumán,149013.0,5223.0,116.0,14.0,45.0,154374.0,37.0,308822.0,BAF
648,2017,1,Buenos Aires,1559178.0,1465817.0,118839.0,21200.0,24342.0,3178174.0,11202.0,6378752.0,BAF
649,2017,1,Capital Federal,428801.0,918328.0,38259.0,2730.0,10928.0,1391030.0,8016.0,2798092.0,BAF
650,2017,1,Catamarca,26020.0,248.0,14.0,1.0,34.0,26304.0,13.0,52634.0,BAF
651,2017,1,Chaco,54430.0,34277.0,252.0,52.0,39.0,89036.0,14.0,178100.0,BAF
652,2017,1,Chubut,43994.0,999.0,916.0,13194.0,4793.0,62166.0,1730.0,127792.0,BAF
653,2017,1,Córdoba,335673.0,293479.0,4871.0,5782.0,1394.0,641066.0,133.0,1282398.0,BAF
654,2017,1,Corrientes,54993.0,31994.0,236.0,1354.0,31.0,88596.0,12.0,177216.0,BAF
655,2017,1,Entre Ríos,108509.0,65095.0,230.0,6448.0,71.0,180296.0,57.0,360706.0,BAF
656,2017,1,Formosa,22438.0,6215.0,16.0,1023.0,13.0,29705.0,0.0,59410.0,BAF
657,2017,1,Jujuy,33869.0,9278.0,22.0,0.0,34.0,43202.0,1.0,86406.0,BAF
658,2017,1,La Pampa,12754.0,47195.0,5194.0,6253.0,517.0,71458.0,455.0,143826.0,BAF
659,2017,1,La Rioja,16180.0,0.0,15.0,2.0,28.0,16207.0,18.0,32450.0,BAF
660,2017,1,Mendoza,153326.0,13030.0,2581.0,27.0,1769.0,169282.0,1451.0,341466.0,BAF
661,2017,1,Misiones,57363.0,40142.0,101.0,5.0,8.0,97619.0,0.0,195238.0,BAF
662,2017,1,Neuquén,51771.0,48109.0,1124.0,11665.0,2670.0,113227.0,2112.0,230678.0,BAF
663,2017,1,Río Negro,67075.0,28785.0,954.0,3213.0,1261.0,100288.0,1000.0,202576.0,BAF
664,2017,1,Salta,79837.0,26845.0,114.0,158.0,679.0,107632.0,1.0,215266.0,BAF
665,2017,1,San Juan,48670.0,451.0,772.0,1073.0,907.0,51253.0,620.0,103746.0,BAF
666,2017,1,San Luis,11432.0,1120.0,354.0,26.0,375.0,12992.0,315.0,26614.0,BAF
667,2017,1,Santa Cruz,15502.0,2722.0,1272.0,4733.0,2257.0,26116.0,370.0,52972.0,BAF
668,2017,1,Santa Fe,327458.0,226094.0,3210.0,4948.0,1172.0,562520.0,362.0,1125764.0,BAF
669,2017,1,Santiago Del Estero,29616.0,3900.0,19.0,911.0,29.0,34473.0,2.0,68950.0,BAF
670,2017,1,Tierra Del Fuego,22636.0,6905.0,665.0,1.0,2350.0,31938.0,619.0,65114.0,BAF
671,2017,1,Tucumán,147373.0,5223.0,116.0,14.0,45.0,152734.0,37.0,305542.0,BAF
672,2016,4,Buenos Aires,1563542.0,1414676.0,118747.0,21394.0,24342.0,3131499.0,11202.0,6285402.0,BAF
673,2016,4,Capital Federal,434835.0,914952.0,38161.0,2583.0,10928.0,1393443.0,8016.0,2802918.0,BAF
674,2016,4,Catamarca,26735.0,250.0,14.0,1.0,34.0,27021.0,13.0,54068.0,BAF
675,2016,4,Chaco,54974.0,33534.0,248.0,52.0,39.0,88833.0,14.0,177694.0,BAF
676,2016,4,Chubut,43994.0,955.0,916.0,13107.0,4793.0,62035.0,1730.0,127530.0,BAF
677,2016,4,Córdoba,337368.0,289344.0,3368.0,5686.0,789.0,636422.0,133.0,1273110.0,BAF
678,2016,4,Corrientes,54981.0,31497.0,233.0,1354.0,31.0,88084.0,12.0,176192.0,BAF
679,2016,4,Entre Ríos,109359.0,64141.0,226.0,6448.0,71.0,180188.0,57.0,360490.0,BAF
680,2016,4,Formosa,22400.0,6061.0,16.0,1023.0,13.0,29513.0,0.0,59026.0,BAF
681,2016,4,Jujuy,33838.0,8731.0,22.0,0.0,34.0,42624.0,1.0,85250.0,BAF
682,2016,4,La Pampa,12754.0,47245.0,5054.0,6253.0,522.0,71368.0,460.0,143656.0,BAF
683,2016,4,La Rioja,16270.0,0.0,16.0,2.0,28.0,16298.0,18.0,32632.0,BAF
684,2016,4,Mendoza,153320.0,13030.0,2579.0,27.0,1769.0,169274.0,1451.0,341450.0,BAF
685,2016,4,Misiones,57983.0,39294.0,100.0,5.0,8.0,97390.0,0.0,194780.0,BAF
686,2016,4,Neuquén,51742.0,46389.0,1124.0,11910.0,2670.0,111723.0,2112.0,227670.0,BAF
687,2016,4,Río Negro,67057.0,28474.0,954.0,3274.0,1261.0,100020.0,1000.0,202040.0,BAF
688,2016,4,Salta,79389.0,26657.0,110.0,158.0,621.0,106934.0,1.0,213870.0,BAF
689,2016,4,San Juan,48670.0,451.0,772.0,1121.0,907.0,51301.0,620.0,103842.0,BAF
690,2016,4,San Luis,11432.0,1120.0,354.0,26.0,375.0,12992.0,315.0,26614.0,BAF
691,2016,4,Santa Cruz,15607.0,2722.0,1055.0,4823.0,2257.0,26094.0,370.0,52928.0,BAF
692,2016,4,Santa Fe,326721.0,225792.0,3201.0,4946.0,1172.0,561470.0,362.0,1123664.0,BAF
693,2016,4,Santiago Del Estero,30192.0,3900.0,19.0,911.0,29.0,35049.0,2.0,70102.0,BAF
694,2016,4,Tierra Del Fuego,22636.0,6905.0,665.0,1.0,2350.0,31938.0,619.0,65114.0,BAF
695,2016,4,Tucumán,146995.0,4482.0,116.0,14.0,45.0,151615.0,37.0,303304.0,BAF
696,2016,3,Buenos Aires,1574216.0,1355770.0,113463.0,18867.0,24276.0,3075387.0,11205.0,6173184.0,BAF
697,2016,3,Capital Federal,447726.0,905105.0,36796.0,2514.0,10963.0,1395053.0,8051.0,2806208.0,BAF
698,2016,3,Catamarca,26689.0,248.0,14.0,1.0,18.0,26957.0,13.0,53940.0,BAF
699,2016,3,Chaco,56251.0,32730.0,232.0,2.0,15.0,89216.0,14.0,178460.0,BAF
700,2016,3,Chubut,43987.0,935.0,916.0,13364.0,4750.0,62222.0,1730.0,127904.0,BAF
701,2016,3,Córdoba,348481.0,285480.0,2540.0,5695.0,395.0,642458.0,133.0,1285182.0,BAF
702,2016,3,Corrientes,55934.0,30813.0,217.0,1354.0,22.0,88328.0,12.0,176680.0,BAF
703,2016,3,Entre Ríos,112588.0,61850.0,206.0,6441.0,64.0,181092.0,57.0,362298.0,BAF
704,2016,3,Formosa,21800.0,5905.0,9.0,0.0,2.0,27716.0,0.0,55432.0,BAF
705,2016,3,Jujuy,34250.0,8236.0,22.0,0.0,30.0,42537.0,1.0,85076.0,BAF
706,2016,3,La Pampa,12751.0,45952.0,4910.0,6236.0,515.0,69903.0,461.0,140728.0,BAF
707,2016,3,La Rioja,16891.0,0.0,15.0,2.0,22.0,16912.0,18.0,33860.0,BAF
708,2016,3,Mendoza,153233.0,13030.0,2576.0,28.0,1757.0,169174.0,1450.0,341248.0,BAF
709,2016,3,Misiones,59776.0,38130.0,79.0,5.0,7.0,97997.0,0.0,195994.0,BAF
710,2016,3,Neuquén,51752.0,44739.0,1093.0,12402.0,2617.0,110491.0,2112.0,225206.0,BAF
711,2016,3,Río Negro,67043.0,28496.0,942.0,3293.0,1252.0,100024.0,1002.0,202052.0,BAF
712,2016,3,Salta,80866.0,26113.0,90.0,157.0,565.0,107790.0,1.0,215582.0,BAF
713,2016,3,San Juan,48670.0,451.0,770.0,1174.0,903.0,51348.0,620.0,103936.0,BAF
714,2016,3,San Luis,11432.0,1113.0,354.0,23.0,371.0,12978.0,315.0,26586.0,BAF
715,2016,3,Santa Cruz,15570.0,2722.0,817.0,4978.0,2170.0,25886.0,371.0,52514.0,BAF
716,2016,3,Santa Fe,334911.0,223011.0,3037.0,4862.0,1190.0,566625.0,386.0,1134022.0,BAF
717,2016,3,Santiago Del Estero,31730.0,3900.0,19.0,3.0,8.0,35658.0,2.0,71320.0,BAF
718,2016,3,Tierra Del Fuego,22636.0,6276.0,665.0,1.0,2347.0,31306.0,619.0,63850.0,BAF
719,2016,3,Tucumán,147259.0,3850.0,116.0,53.0,41.0,151282.0,37.0,302638.0,BAF
720,2016,2,Buenos Aires,1579448.0,1305949.0,113070.0,21163.0,25661.0,3032776.0,12515.0,6090582.0,BAF
721,2016,2,Capital Federal,450644.0,892209.0,36669.0,2390.0,12672.0,1384824.0,9760.0,2789168.0,BAF
722,2016,2,Catamarca,26262.0,245.0,14.0,1.0,34.0,26543.0,13.0,53112.0,BAF
723,2016,2,Chaco,56112.0,31825.0,221.0,52.0,41.0,88235.0,16.0,176502.0,BAF
724,2016,2,Chubut,43977.0,867.0,916.0,13293.0,4803.0,62116.0,1740.0,127712.0,BAF
725,2016,2,Córdoba,348891.0,277615.0,1709.0,5610.0,1089.0,634680.0,234.0,1269828.0,BAF
726,2016,2,Corrientes,55511.0,29845.0,203.0,1354.0,43.0,86932.0,24.0,173912.0,BAF
727,2016,2,Entre Ríos,112809.0,58768.0,169.0,6434.0,193.0,178194.0,179.0,356746.0,BAF
728,2016,2,Formosa,22101.0,5658.0,6.0,1023.0,14.0,28801.0,1.0,57604.0,BAF
729,2016,2,Jujuy,33758.0,7374.0,22.0,0.0,35.0,41187.0,2.0,82378.0,BAF
730,2016,2,La Pampa,12754.0,44654.0,4708.0,6225.0,547.0,68403.0,485.0,137776.0,BAF
731,2016,2,La Rioja,16691.0,0.0,15.0,2.0,28.0,16718.0,18.0,33472.0,BAF
732,2016,2,Mendoza,153321.0,13030.0,2576.0,29.0,1868.0,169274.0,1550.0,341648.0,BAF
733,2016,2,Misiones,59573.0,36145.0,77.0,5.0,15.0,95808.0,7.0,191630.0,BAF
734,2016,2,Neuquén,51742.0,42370.0,1088.0,12466.0,2849.0,108224.0,2291.0,221030.0,BAF
735,2016,2,Río Negro,67031.0,28100.0,939.0,3300.0,1334.0,99631.0,1073.0,201408.0,BAF
736,2016,2,Salta,79438.0,24719.0,85.0,151.0,539.0,104929.0,3.0,209864.0,BAF
737,2016,2,San Juan,48670.0,451.0,770.0,1214.0,908.0,51392.0,621.0,104026.0,BAF
738,2016,2,San Luis,11432.0,1063.0,354.0,30.0,377.0,12939.0,317.0,26512.0,BAF
739,2016,2,Santa Cruz,15453.0,2722.0,396.0,4996.0,2586.0,25797.0,356.0,52306.0,BAF
740,2016,2,Santa Fe,336244.0,219088.0,2981.0,4744.0,1417.0,563867.0,607.0,1128948.0,BAF
741,2016,2,Santiago Del Estero,32101.0,3900.0,19.0,911.0,30.0,36958.0,3.0,73922.0,BAF
742,2016,2,Tierra Del Fuego,22636.0,5707.0,665.0,1.0,2350.0,30740.0,619.0,62718.0,BAF
743,2016,2,Tucumán,145486.0,2968.0,116.0,58.0,49.0,148636.0,41.0,297354.0,BAF
744,2016,1,Buenos Aires,1583560.0,1200859.0,111231.0,21108.0,25757.0,2929903.0,12612.0,5885030.0,BAF
745,2016,1,Capital Federal,454425.0,832126.0,36332.0,2284.0,12729.0,1328079.0,9817.0,2675792.0,BAF
746,2016,1,Catamarca,26096.0,243.0,15.0,1.0,34.0,26376.0,13.0,52778.0,BAF
747,2016,1,Chaco,56353.0,29994.0,211.0,52.0,41.0,86635.0,16.0,173302.0,BAF
748,2016,1,Chubut,43967.0,834.0,916.0,13280.0,4803.0,62060.0,1740.0,127600.0,BAF
749,2016,1,Córdoba,350884.0,252346.0,674.0,5636.0,386.0,609692.0,234.0,1219852.0,BAF
750,2016,1,Corrientes,55454.0,28491.0,192.0,1354.0,45.0,85510.0,26.0,171072.0,BAF
751,2016,1,Entre Ríos,113101.0,54948.0,146.0,6425.0,193.0,174634.0,179.0,349626.0,BAF
752,2016,1,Formosa,21852.0,5420.0,5.0,1023.0,14.0,28313.0,1.0,56628.0,BAF
753,2016,1,Jujuy,33481.0,6751.0,22.0,0.0,35.0,40287.0,2.0,80578.0,BAF
754,2016,1,La Pampa,12754.0,41881.0,4536.0,6209.0,549.0,65442.0,487.0,131858.0,BAF
755,2016,1,La Rioja,16645.0,0.0,16.0,2.0,28.0,16673.0,18.0,33382.0,BAF
756,2016,1,Mendoza,153299.0,13030.0,2576.0,34.0,1871.0,169257.0,1553.0,341620.0,BAF
757,2016,1,Misiones,59538.0,33330.0,70.0,5.0,15.0,92951.0,7.0,185916.0,BAF
758,2016,1,Neuquén,51702.0,36122.0,1085.0,12502.0,2850.0,101969.0,2292.0,208522.0,BAF
759,2016,1,Río Negro,66894.0,27312.0,937.0,3341.0,1338.0,98745.0,1077.0,199644.0,BAF
760,2016,1,Salta,78973.0,22741.0,73.0,132.0,507.0,102423.0,3.0,204852.0,BAF
761,2016,1,San Juan,48670.0,451.0,770.0,1195.0,908.0,51373.0,621.0,103988.0,BAF
762,2016,1,San Luis,11432.0,1042.0,354.0,27.0,377.0,12915.0,317.0,26464.0,BAF
763,2016,1,Santa Cruz,15654.0,2723.0,396.0,5088.0,2426.0,25931.0,356.0,52574.0,BAF
764,2016,1,Santa Fe,338052.0,204816.0,3014.0,4686.0,1428.0,551378.0,618.0,1103992.0,BAF
765,2016,1,Santiago Del Estero,32838.0,3900.0,19.0,911.0,30.0,37695.0,3.0,75396.0,BAF
766,2016,1,Tierra Del Fuego,22636.0,4834.0,665.0,1.0,2350.0,29867.0,619.0,60972.0,BAF
767,2016,1,Tucumán,144233.0,2165.0,116.0,74.0,49.0,146596.0,41.0,293274.0,BAF
768,2015,4,Buenos Aires,1586343.0,1223603.0,103269.0,20397.0,25773.0,2946743.0,12642.0,5918770.0,BAF
769,2015,4,Capital Federal,455427.0,879950.0,19818.0,2273.0,12758.0,1360381.0,9845.0,2740452.0,BAF
770,2015,4,Catamarca,26180.0,242.0,15.0,1.0,34.0,26459.0,13.0,52944.0,BAF
771,2015,4,Chaco,56818.0,29456.0,186.0,52.0,41.0,86537.0,16.0,173106.0,BAF
772,2015,4,Chubut,43968.0,811.0,916.0,13521.0,4803.0,62279.0,1740.0,128038.0,BAF
773,2015,4,Córdoba,353530.0,266062.0,480.0,5613.0,385.0,625835.0,235.0,1252140.0,BAF
774,2015,4,Corrientes,55681.0,28178.0,177.0,1354.0,45.0,85409.0,26.0,170870.0,BAF
775,2015,4,Entre Ríos,113983.0,53411.0,122.0,6427.0,194.0,173957.0,180.0,348274.0,BAF
776,2015,4,Formosa,21734.0,5314.0,4.0,1023.0,14.0,28088.0,1.0,56178.0,BAF
777,2015,4,Jujuy,32934.0,6933.0,22.0,0.0,35.0,39922.0,2.0,79848.0,BAF
778,2015,4,La Pampa,12755.0,42705.0,4327.0,6205.0,374.0,66054.0,312.0,132732.0,BAF
779,2015,4,La Rioja,16886.0,0.0,16.0,2.0,28.0,16914.0,18.0,33864.0,BAF
780,2015,4,Mendoza,153293.0,13030.0,2572.0,38.0,1874.0,169251.0,1556.0,341614.0,BAF
781,2015,4,Misiones,60252.0,32533.0,48.0,5.0,15.0,92846.0,7.0,185706.0,BAF
782,2015,4,Neuquén,51680.0,38902.0,1048.0,12934.0,2852.0,105122.0,2294.0,214832.0,BAF
783,2015,4,Río Negro,66851.0,27221.0,915.0,3407.0,1328.0,98655.0,1067.0,199444.0,BAF
784,2015,4,Salta,78744.0,22446.0,47.0,129.0,554.0,101917.0,3.0,203840.0,BAF
785,2015,4,San Juan,48670.0,451.0,770.0,1230.0,908.0,51408.0,621.0,104058.0,BAF
786,2015,4,San Luis,11432.0,1025.0,354.0,30.0,377.0,12901.0,317.0,26436.0,BAF
787,2015,4,Santa Cruz,15614.0,2723.0,396.0,5261.0,2409.0,26047.0,356.0,52806.0,BAF
788,2015,4,Santa Fe,339843.0,212911.0,2885.0,4596.0,1437.0,561045.0,627.0,1123344.0,BAF
789,2015,4,Santiago Del Estero,33582.0,4365.0,19.0,1139.0,30.0,39132.0,3.0,78270.0,BAF
790,2015,4,Tierra Del Fuego,22636.0,4301.0,665.0,1.0,2350.0,29334.0,619.0,59906.0,BAF
791,2015,4,Tucumán,144188.0,1653.0,116.0,88.0,50.0,146053.0,42.0,292190.0,BAF
792,2015,3,Buenos Aires,1585467.0,1183894.0,113590.0,19989.0,25825.0,2916070.0,12695.0,5857530.0,BAF
793,2015,3,Capital Federal,454815.0,871262.0,30974.0,2229.0,12788.0,1362193.0,9875.0,2744136.0,BAF
794,2015,3,Catamarca,25801.0,242.0,15.0,1.0,34.0,26080.0,13.0,52186.0,BAF
795,2015,3,Chaco,56282.0,28809.0,186.0,52.0,41.0,85354.0,16.0,170740.0,BAF
796,2015,3,Chubut,43964.0,792.0,916.0,13408.0,4803.0,62143.0,1740.0,127766.0,BAF
797,2015,3,Córdoba,351692.0,264055.0,1450.0,5412.0,389.0,622761.0,237.0,1245996.0,BAF
798,2015,3,Corrientes,55792.0,27604.0,176.0,1340.0,47.0,84931.0,28.0,169918.0,BAF
799,2015,3,Entre Ríos,113909.0,51945.0,122.0,6261.0,197.0,172252.0,182.0,344868.0,BAF
800,2015,3,Formosa,21573.0,5264.0,2.0,899.0,14.0,27751.0,1.0,55504.0,BAF
801,2015,3,Jujuy,32598.0,6895.0,22.0,0.0,35.0,39548.0,2.0,79100.0,BAF
802,2015,3,La Pampa,12755.0,41886.0,4078.0,6195.0,557.0,64976.0,495.0,130942.0,BAF
803,2015,3,La Rioja,16725.0,0.0,16.0,2.0,28.0,16753.0,18.0,33542.0,BAF
804,2015,3,Mendoza,153299.0,13030.0,2572.0,42.0,1880.0,169261.0,1562.0,341646.0,BAF
805,2015,3,Misiones,59921.0,31635.0,46.0,5.0,15.0,91615.0,7.0,183244.0,BAF
806,2015,3,Neuquén,47102.0,36620.0,1045.0,13051.0,2798.0,98376.0,2240.0,201232.0,BAF
807,2015,3,Río Negro,66806.0,27130.0,917.0,3415.0,1346.0,98529.0,1085.0,199228.0,BAF
808,2015,3,Salta,78064.0,21688.0,47.0,129.0,645.0,100570.0,3.0,201146.0,BAF
809,2015,3,San Juan,48670.0,451.0,770.0,1231.0,908.0,51409.0,621.0,104060.0,BAF
810,2015,3,San Luis,11432.0,1025.0,354.0,31.0,377.0,12902.0,317.0,26438.0,BAF
811,2015,3,Santa Cruz,15540.0,2718.0,396.0,5226.0,2391.0,25912.0,359.0,52542.0,BAF
812,2015,3,Santa Fe,337042.0,209673.0,4169.0,4426.0,1428.0,556097.0,641.0,1113476.0,BAF
813,2015,3,Santiago Del Estero,33886.0,4365.0,19.0,1097.0,30.0,39394.0,3.0,78794.0,BAF
814,2015,3,Tierra Del Fuego,22636.0,8085.0,665.0,1.0,2350.0,33118.0,619.0,67474.0,BAF
815,2015,3,Tucumán,142925.0,1135.0,116.0,88.0,50.0,144272.0,42.0,288628.0,BAF
816,2015,2,Buenos Aires,1581770.0,1141052.0,115660.0,19268.0,26040.0,2871079.0,12711.0,5767580.0,BAF
817,2015,2,Capital Federal,453178.0,858342.0,19786.0,2172.0,12806.0,1336391.0,9893.0,2692568.0,BAF
818,2015,2,Catamarca,25387.0,242.0,15.0,1.0,34.0,25666.0,13.0,51358.0,BAF
819,2015,2,Chaco,55767.0,27809.0,179.0,52.0,41.0,83832.0,16.0,167696.0,BAF
820,2015,2,Chubut,43949.0,762.0,916.0,13055.0,4803.0,61745.0,1740.0,126970.0,BAF
821,2015,2,Córdoba,348130.0,255596.0,435.0,5199.0,386.0,609510.0,236.0,1219492.0,BAF
822,2015,2,Corrientes,55238.0,26553.0,157.0,1321.0,47.0,83288.0,28.0,166632.0,BAF
823,2015,2,Entre Ríos,113378.0,49767.0,119.0,6031.0,197.0,169309.0,183.0,338984.0,BAF
824,2015,2,Formosa,21097.0,5164.0,2.0,737.0,50.0,27013.0,37.0,54100.0,BAF
825,2015,2,Jujuy,32183.0,5482.0,22.0,0.0,35.0,37720.0,2.0,75444.0,BAF
826,2015,2,La Pampa,12756.0,40825.0,3719.0,6190.0,562.0,63552.0,500.0,128104.0,BAF
827,2015,2,La Rioja,16463.0,0.0,16.0,2.0,28.0,16491.0,18.0,33018.0,BAF
828,2015,2,Mendoza,153301.0,13030.0,2572.0,38.0,1882.0,169259.0,1564.0,341646.0,BAF
829,2015,2,Misiones,59179.0,29283.0,37.0,5.0,15.0,88512.0,7.0,177038.0,BAF
830,2015,2,Neuquén,47078.0,34183.0,1044.0,12781.0,2799.0,95644.0,2241.0,195770.0,BAF
831,2015,2,Río Negro,66738.0,26268.0,916.0,3457.0,1348.0,97640.0,1087.0,197454.0,BAF
832,2015,2,Salta,77214.0,20297.0,47.0,129.0,580.0,98264.0,3.0,196534.0,BAF
833,2015,2,San Juan,48670.0,451.0,770.0,1189.0,908.0,51367.0,621.0,103976.0,BAF
834,2015,2,San Luis,11432.0,1025.0,354.0,33.0,377.0,12904.0,317.0,26442.0,BAF
835,2015,2,Santa Cruz,15343.0,2707.0,396.0,4917.0,2400.0,25384.0,379.0,51526.0,BAF
836,2015,2,Santa Fe,333117.0,204685.0,2877.0,4320.0,1389.0,545739.0,649.0,1092776.0,BAF
837,2015,2,Santiago Del Estero,33873.0,4365.0,19.0,1091.0,30.0,39375.0,3.0,78756.0,BAF
838,2015,2,Tierra Del Fuego,22636.0,7927.0,665.0,1.0,2350.0,32960.0,619.0,67158.0,BAF
839,2015,2,Tucumán,139944.0,479.0,116.0,88.0,50.0,140635.0,42.0,281354.0,BAF
840,2015,1,Buenos Aires,1583135.0,1096836.0,134177.0,18754.0,28940.0,2847076.0,14766.0,5723684.0,BAF
841,2015,1,Capital Federal,454934.0,841743.0,19334.0,1994.0,14716.0,1321139.0,11582.0,2665442.0,BAF
842,2015,1,Catamarca,25033.0,241.0,16.0,1.0,41.0,25312.0,20.0,50664.0,BAF
843,2015,1,Chaco,54952.0,26161.0,164.0,27.0,56.0,81329.0,31.0,162720.0,BAF
844,2015,1,Chubut,45645.0,717.0,906.0,12540.0,5465.0,63327.0,1946.0,130546.0,BAF
845,2015,1,Córdoba,343883.0,247564.0,415.0,4645.0,450.0,596663.0,294.0,1193914.0,BAF
846,2015,1,Corrientes,54649.0,25372.0,129.0,1319.0,62.0,81488.0,43.0,163062.0,BAF
847,2015,1,Entre Ríos,112363.0,47411.0,108.0,5943.0,245.0,165839.0,231.0,332140.0,BAF
848,2015,1,Formosa,21022.0,4951.0,1.0,670.0,56.0,26657.0,43.0,53400.0,BAF
849,2015,1,Jujuy,31505.0,5048.0,22.0,0.0,36.0,36608.0,3.0,73222.0,BAF
850,2015,1,La Pampa,13143.0,39571.0,3215.0,6164.0,604.0,62155.0,542.0,125394.0,BAF
851,2015,1,La Rioja,16282.0,0.0,16.0,2.0,33.0,16310.0,23.0,32666.0,BAF
852,2015,1,Mendoza,152433.0,13030.0,2542.0,29.0,2126.0,168355.0,1805.0,340320.0,BAF
853,2015,1,Misiones,58262.0,26836.0,30.0,5.0,13.0,85139.0,7.0,170292.0,BAF
854,2015,1,Neuquén,47518.0,32152.0,1024.0,12088.0,2960.0,93373.0,2369.0,191484.0,BAF
855,2015,1,Río Negro,66274.0,25217.0,907.0,3473.0,1462.0,96145.0,1188.0,194666.0,BAF
856,2015,1,Salta,76280.0,19781.0,47.0,129.0,574.0,96793.0,18.0,193622.0,BAF
857,2015,1,San Juan,48441.0,451.0,755.0,1165.0,1007.0,51117.0,702.0,103638.0,BAF
858,2015,1,San Luis,11414.0,1025.0,351.0,30.0,412.0,12878.0,354.0,26464.0,BAF
859,2015,1,Santa Cruz,16215.0,2700.0,392.0,4772.0,2562.0,26217.0,424.0,53282.0,BAF
860,2015,1,Santa Fe,328809.0,199037.0,2845.0,4239.0,1507.0,535640.0,797.0,1072874.0,BAF
861,2015,1,Santiago Del Estero,33813.0,4365.0,19.0,1020.0,35.0,39244.0,8.0,78504.0,BAF
862,2015,1,Tierra Del Fuego,22291.0,7924.0,657.0,1.0,2583.0,32726.0,730.0,66912.0,BAF
863,2015,1,Tucumán,137857.0,115.0,116.0,88.0,100.0,138184.0,92.0,276552.0,BAF
864,2014,4,Buenos Aires,1575978.0,1070135.0,120528.0,17728.0,32038.0,2801178.0,15229.0,5632814.0,BAF
865,2014,4,Capital Federal,455785.0,840224.0,17155.0,1962.0,15394.0,1318526.0,11994.0,2661040.0,BAF
866,2014,4,Catamarca,25192.0,241.0,16.0,0.0,44.0,25472.0,21.0,50986.0,BAF
867,2014,4,Chaco,55024.0,10918.0,31.0,0.0,62.0,65998.0,37.0,132070.0,BAF
868,2014,4,Chubut,48539.0,697.0,891.0,12256.0,6159.0,66557.0,1985.0,137084.0,BAF
869,2014,4,Córdoba,345157.0,240452.0,419.0,3918.0,486.0,590113.0,319.0,1180864.0,BAF
870,2014,4,Corrientes,54754.0,9526.0,40.0,1315.0,75.0,65656.0,54.0,131420.0,BAF
871,2014,4,Entre Ríos,112291.0,23027.0,57.0,5178.0,260.0,140567.0,246.0,281626.0,BAF
872,2014,4,Formosa,21245.0,4896.0,1.0,0.0,65.0,26156.0,51.0,52414.0,BAF
873,2014,4,Jujuy,31349.0,4583.0,22.0,37.0,11.0,35999.0,3.0,72004.0,BAF
874,2014,4,La Pampa,16043.0,34281.0,514.0,5894.0,648.0,56813.0,567.0,114760.0,BAF
875,2014,4,La Rioja,16352.0,0.0,17.0,0.0,33.0,16379.0,23.0,32804.0,BAF
876,2014,4,Mendoza,151797.0,13030.0,2534.0,31.0,2222.0,167766.0,1848.0,339228.0,BAF
877,2014,4,Misiones,58435.0,18613.0,16.0,150.0,15.0,77222.0,7.0,154458.0,BAF
878,2014,4,Neuquén,47721.0,31778.0,1014.0,11853.0,3030.0,92999.0,2397.0,190792.0,BAF
879,2014,4,Río Negro,66307.0,23703.0,901.0,3819.0,1530.0,95050.0,1210.0,192520.0,BAF
880,2014,4,Salta,76026.0,17289.0,48.0,6.0,578.0,93921.0,26.0,187894.0,BAF
881,2014,4,San Juan,48653.0,451.0,740.0,1202.0,1073.0,51390.0,729.0,104238.0,BAF
882,2014,4,San Luis,11419.0,926.0,355.0,24.0,423.0,12788.0,359.0,26294.0,BAF
883,2014,4,Santa Cruz,17553.0,448.0,388.0,4395.0,2929.0,25277.0,436.0,51426.0,BAF
884,2014,4,Santa Fe,335267.0,183009.0,3205.0,6282.0,1634.0,528459.0,938.0,1058794.0,BAF
885,2014,4,Santiago Del Estero,34110.0,4231.0,19.0,920.0,37.0,39308.0,9.0,78634.0,BAF
886,2014,4,Tierra Del Fuego,21948.0,3664.0,655.0,1.0,2722.0,28249.0,741.0,57980.0,BAF
887,2014,4,Tucumán,137093.0,97.0,116.0,13.0,105.0,137329.0,95.0,274848.0,BAF
888,2014,3,Buenos Aires,1562533.0,1110628.0,124474.0,20049.0,31881.0,2835537.0,14028.0,5699130.0,BAF
889,2014,3,Capital Federal,450155.0,833402.0,17886.0,1995.0,14387.0,1307195.0,10630.0,2635650.0,BAF
890,2014,3,Catamarca,24380.0,244.0,15.0,0.0,47.0,24665.0,21.0,49372.0,BAF
891,2014,3,Chaco,53321.0,10336.0,29.0,1.0,59.0,63710.0,36.0,127492.0,BAF
892,2014,3,Chubut,49219.0,668.0,882.0,11853.0,6515.0,67130.0,2007.0,138274.0,BAF
893,2014,3,Córdoba,340212.0,240334.0,444.0,4064.0,377.0,585231.0,200.0,1170862.0,BAF
894,2014,3,Corrientes,52957.0,9184.0,31.0,1312.0,65.0,63516.0,33.0,127098.0,BAF
895,2014,3,Entre Ríos,108907.0,22440.0,48.0,5203.0,135.0,136618.0,115.0,273466.0,BAF
896,2014,3,Formosa,21021.0,4836.0,0.0,0.0,80.0,25873.0,64.0,51874.0,BAF
897,2014,3,Jujuy,30128.0,3541.0,22.0,37.0,13.0,33739.0,2.0,67482.0,BAF
898,2014,3,La Pampa,16051.0,33940.0,538.0,11219.0,677.0,61861.0,564.0,124850.0,BAF
899,2014,3,La Rioja,15864.0,0.0,14.0,1.0,37.0,15893.0,23.0,31832.0,BAF
900,2014,3,Mendoza,150120.0,13030.0,2512.0,40.0,2222.0,166184.0,1740.0,335848.0,BAF
901,2014,3,Misiones,56933.0,18373.0,4.0,3.0,14.0,75327.0,0.0,150654.0,BAF
902,2014,3,Neuquén,54458.0,30964.0,1000.0,12858.0,3087.0,100099.0,2268.0,204734.0,BAF
903,2014,3,Río Negro,65264.0,26590.0,888.0,3533.0,1505.0,96629.0,1151.0,195560.0,BAF
904,2014,3,Salta,73828.0,18394.0,43.0,109.0,580.0,92929.0,25.0,185908.0,BAF
905,2014,3,San Juan,48272.0,451.0,731.0,1199.0,1126.0,51031.0,748.0,103558.0,BAF
906,2014,3,San Luis,11303.0,925.0,355.0,25.0,438.0,12683.0,363.0,26092.0,BAF
907,2014,3,Santa Cruz,17862.0,492.0,385.0,4273.0,3098.0,25664.0,446.0,52220.0,BAF
908,2014,3,Santa Fe,325577.0,183630.0,4407.0,6540.0,733.0,520196.0,691.0,1041774.0,BAF
909,2014,3,Santiago Del Estero,32820.0,3900.0,19.0,768.0,41.0,37539.0,9.0,75096.0,BAF
910,2014,3,Tierra Del Fuego,21840.0,3469.0,650.0,1.0,2832.0,28037.0,755.0,57584.0,BAF
911,2014,3,Tucumán,131739.0,97.0,117.0,13.0,100.0,131978.0,88.0,264132.0,BAF
912,2014,2,Buenos Aires,1568881.0,1025490.0,120008.0,17020.0,33147.0,2750430.0,14116.0,5529092.0,BAF
913,2014,2,Capital Federal,447637.0,828411.0,17729.0,1883.0,14555.0,1299502.0,10713.0,2620430.0,BAF
914,2014,2,Catamarca,24380.0,243.0,17.0,0.0,43.0,24660.0,23.0,49366.0,BAF
915,2014,2,Chaco,53321.0,9870.0,30.0,0.0,58.0,63243.0,36.0,126558.0,BAF
916,2014,2,Chubut,51070.0,649.0,866.0,10960.0,6974.0,68503.0,2016.0,141038.0,BAF
917,2014,2,Córdoba,337825.0,234729.0,351.0,3673.0,374.0,576747.0,205.0,1153904.0,BAF
918,2014,2,Corrientes,52883.0,8680.0,31.0,1309.0,55.0,62925.0,33.0,125916.0,BAF
919,2014,2,Entre Ríos,108900.0,21706.0,49.0,4795.0,133.0,135468.0,115.0,271166.0,BAF
920,2014,2,Formosa,20894.0,4628.0,0.0,0.0,78.0,25535.0,65.0,51200.0,BAF
921,2014,2,Jujuy,30128.0,4161.0,23.0,40.0,9.0,34359.0,2.0,68722.0,BAF
922,2014,2,La Pampa,15957.0,32600.0,513.0,5869.0,689.0,55048.0,580.0,111256.0,BAF
923,2014,2,La Rioja,15864.0,0.0,14.0,0.0,34.0,15889.0,23.0,31824.0,BAF
924,2014,2,Mendoza,148979.0,13030.0,2480.0,36.0,2282.0,165046.0,1761.0,333614.0,BAF
925,2014,2,Misiones,56933.0,17594.0,4.0,150.0,8.0,74689.0,0.0,149378.0,BAF
926,2014,2,Neuquén,47767.0,29776.0,997.0,10765.0,2983.0,90053.0,2235.0,184576.0,BAF
927,2014,2,Río Negro,64920.0,24944.0,876.0,3657.0,1560.0,94812.0,1145.0,191914.0,BAF
928,2014,2,Salta,73841.0,17504.0,45.0,7.0,577.0,91949.0,25.0,183948.0,BAF
929,2014,2,San Juan,48161.0,451.0,722.0,1139.0,1173.0,50891.0,755.0,103292.0,BAF
930,2014,2,San Luis,11306.0,925.0,354.0,22.0,448.0,12691.0,364.0,26110.0,BAF
931,2014,2,Santa Cruz,18956.0,448.0,381.0,4118.0,3266.0,26710.0,459.0,54338.0,BAF
932,2014,2,Santa Fe,324101.0,178495.0,3085.0,6041.0,636.0,511753.0,605.0,1024716.0,BAF
933,2014,2,Santiago Del Estero,32820.0,4231.0,19.0,907.0,34.0,38002.0,9.0,76022.0,BAF
934,2014,2,Tierra Del Fuego,21618.0,3008.0,648.0,1.0,2934.0,27443.0,766.0,56418.0,BAF
935,2014,2,Tucumán,131740.0,97.0,121.0,13.0,98.0,131981.0,88.0,264138.0,BAF
936,2014,1,Buenos Aires,1567685.0,1000879.0,120960.0,16528.0,33824.0,2725732.0,14144.0,5479752.0,BAF
937,2014,1,Capital Federal,445569.0,820161.0,17767.0,1866.0,14555.0,1289204.0,10714.0,2599836.0,BAF
938,2014,1,Catamarca,24126.0,46.0,17.0,0.0,43.0,24209.0,23.0,48464.0,BAF
939,2014,1,Chaco,52971.0,9497.0,30.0,0.0,58.0,62520.0,36.0,125112.0,BAF
940,2014,1,Chubut,51066.0,539.0,866.0,10776.0,6974.0,68205.0,2016.0,140442.0,BAF
941,2014,1,Córdoba,336841.0,225769.0,347.0,3585.0,368.0,566705.0,205.0,1133820.0,BAF
942,2014,1,Corrientes,52565.0,8279.0,31.0,1306.0,55.0,62203.0,33.0,124472.0,BAF
943,2014,1,Entre Ríos,107883.0,21379.0,49.0,4887.0,133.0,134216.0,115.0,268662.0,BAF
944,2014,1,Formosa,20774.0,4548.0,0.0,0.0,100.0,25335.0,87.0,50844.0,BAF
945,2014,1,Jujuy,29765.0,4030.0,23.0,0.0,9.0,33825.0,2.0,67654.0,BAF
946,2014,1,La Pampa,15826.0,31305.0,513.0,5848.0,701.0,53601.0,592.0,108386.0,BAF
947,2014,1,La Rioja,15663.0,0.0,14.0,0.0,34.0,15688.0,23.0,31422.0,BAF
948,2014,1,Mendoza,148970.0,12076.0,2480.0,37.0,2282.0,164084.0,1761.0,331690.0,BAF
949,2014,1,Misiones,56597.0,17191.0,4.0,150.0,8.0,73950.0,0.0,147900.0,BAF
950,2014,1,Neuquén,47790.0,28161.0,997.0,10381.0,3051.0,88077.0,2303.0,180760.0,BAF
951,2014,1,Río Negro,64886.0,24156.0,876.0,3576.0,1572.0,93909.0,1157.0,190132.0,BAF
952,2014,1,Salta,73131.0,17538.0,45.0,8.0,568.0,91265.0,25.0,182580.0,BAF
953,2014,1,San Juan,48161.0,434.0,722.0,808.0,1173.0,50543.0,755.0,102596.0,BAF
954,2014,1,San Luis,11306.0,428.0,354.0,21.0,448.0,12193.0,364.0,25114.0,BAF
955,2014,1,Santa Cruz,18927.0,100.0,381.0,4092.0,3264.0,26304.0,460.0,53528.0,BAF
956,2014,1,Santa Fe,322662.0,174296.0,3059.0,5951.0,644.0,506000.0,612.0,1013224.0,BAF
957,2014,1,Santiago Del Estero,32567.0,3598.0,19.0,915.0,34.0,37124.0,9.0,74266.0,BAF
958,2014,1,Tierra Del Fuego,21618.0,2837.0,648.0,1.0,2934.0,27272.0,766.0,56076.0,BAF
959,2014,1,Tucumán,129717.0,83.0,121.0,13.0,98.0,129944.0,88.0,260064.0,BAF

