,Año,Trimestre,Mbps (Media de bajada)
0,2023,4,139.04
1,2023,3,129.67
2,2023,2,123.95
3,2023,1,110.5
4,2022,4,106.56
5,2022,3,62.46
6,2022,2,58.44
7,2022,1,55.11
8,2021,4,52.34
9,2021,3,48.46
10,2021,2,45.63
11,2021,1,43.11
12,2020,4,42.36
13,2020,3,40.67
14,2020,2,38.32
15,2020,1,37.52
16,2019,4,28.26
17,2019,3,24.18
18,2019,2,20.33
19,2019,1,17.38
20,2018,4,15.95
21,2018,3,15.36
22,2018,2,13.8495399422441
23,2018,1,13.221339833489
24,2017,4,12.0076260812107
25,2017,3,8.33904815764714
26,2017,2,7.15995552367739
27,2017,1,6.62407908134137
28,2016,4,6.33738413446842
29,2016,3,5.9387765869846
30,2016,2,5.42353097512933
31,2016,1,5.08370177629755
32,2015,4,4.99044890054109
33,2015,3,4.78891116867562
34,2015,2,4.54538147818226
35,2015,1,4.35027886167618
36,2014,4,4.15688796190556
37,2014,3,3.86726501227843
38,2014,2,3.75871218894443
39,2014,1,3.6171267670209
